201607	2122492	2	64	0,00	339,17	407,00
201607	2122492	3	126	2,89	134,19	137,01
201607	2122492	3	16	0,00	17,69	18,06
201607	2122492	3	12	0,00	11,99	12,24
201607	2122492	3	97	0,00	131,83	134,60
201607	2122492	25	4	4,84	8,85	9,04
201607	2122492	27	4	4,84	8,85	9,04
201607	2122492	31	3	3,63	6,64	6,78
201607	2122492	63	4	4,84	8,85	9,04
201607	2122492	71	3	3,63	6,64	6,78
201607	2122492	7 037	8	9,68	17,71	18,08
201607	2122492	18 357	3	7,62	14,40	14,70
201607	2122492	18 370	3	34,71	20,23	24,27
201607	2122492	25 025	6	14,58	24,55	27,00
201607	2122492	25 811	10	26,40	50,00	55,00
201607	2122492	27 355	6	22,44	35,26	36,00
201607	2122492	27 356	27	75,06	105,04	107,25
201607	2122492	27 356	7	19,46	27,49	28,07
201607	2122492	28 281	3	8,10	36,73	37,50
201607	2122492	29 068	5	10,15	17,14	17,50
201607	2122492	29 068	3	6,09	10,28	10,50
201607	2122492	30 038	27	82,35	114,30	116,70
201607	2122492	30 038	8	24,40	34,08	34,80
201607	2122492	30 038	13	39,65	52,39	53,49
201607	2122492	30 040	4	5,24	9,25	9,44
201607	2122492	30 041	3	7,86	11,17	11,40
201607	2122492	30 041	4	10,48	14,89	15,20
201607	2122492	30 041	3	7,86	11,17	11,40
201607	2122492	30 042	15	40,20	57,79	59,00
201607	2122492	30 051	63	182,70	256,69	262,08
201607	2122492	30 051	88	255,20	358,55	366,08
201607	2122492	30 052	3	11,34	15,54	15,87
201607	2122492	30 060	5	8,50	13,52	13,80
201607	2122492	30 079	4	12,80	18,18	20,00
201607	2122492	30 189	7	19,04	26,94	27,51
201607	2122492	30 265	3	12,72	23,18	25,50
201607	2122492	30 265	4	16,96	30,91	34,00
201607	2122492	30 266	37	84,36	122,13	124,69
201607	2122492	30 266	10	22,80	33,01	33,70
201607	2122492	30 266	10	22,80	30,01	30,64
201607	2122492	30 266	3	6,84	8,90	9,09
201607	2122492	30 271	8	10,64	18,65	19,04
201607	2122492	30 276	10	181,10	229,58	234,40
201607	2122492	30 279	5	6,95	11,95	12,20
201607	2122492	30 285	7	18,69	26,53	27,09
201607	2122492	30 296	3	5,61	5,61	5,73
201607	2122492	30 303	5	7,90	11,88	12,13
201607	2122492	30 307	4	8,80	12,81	13,08
201607	2122492	30 325	59	71,39	120,18	122,70
201607	2122492	30 325	63	76,23	129,58	132,30
201607	2122492	30 325	19	22,99	38,14	38,94
201607	2122492	30 327	4	27,40	36,00	36,76
201607	2122492	30 338	8	17,76	25,78	26,32
201607	2122492	30 342	3	5,79	8,79	8,97
201607	2122492	30 344	18	28,08	46,01	46,98
201607	2122492	30 344	16	24,96	40,90	41,76
201607	2122492	30 346	84	131,04	214,73	219,24
201607	2122492	30 346	6	9,36	15,34	15,66
201607	2122492	30 346	7	10,92	17,89	18,27
201607	2122492	30 361	23	25,30	47,31	48,30
201607	2122492	30 361	21	23,10	43,19	44,10
201607	2122492	30 430	23	57,73	82,45	84,18
201607	2122492	30 430	11	27,61	39,43	40,26
201607	2122492	30 436	34	99,62	139,86	142,80
201607	2122492	30 436	39	114,27	160,43	163,80
201607	2122492	30 441	12	32,76	45,31	46,26
201607	2122492	30 473	9	12,69	21,21	21,66
201607	2122492	30 473	13	18,33	31,32	31,98
201607	2122492	30 473	4	5,64	9,64	9,84
201607	2122492	30 562	8	11,76	19,75	20,16
201607	2122492	30 562	4	5,88	9,87	10,08
201607	2122492	30 564	7	17,29	24,75	25,27
201607	2122492	30 565	76	146,68	219,99	224,61
201607	2122492	30 565	63	121,59	184,50	188,37
201607	2122492	30 565	7	13,51	15,50	15,83
201607	2122492	30 569	41	68,06	107,83	110,09
201607	2122492	30 569	9	14,94	23,89	24,39
201607	2122492	30 569	3	4,98	7,96	8,13
201607	2122492	30 600	3	3,99	12,27	13,50
201607	2122492	30 645	6	23,40	31,97	32,64
201607	2122492	30 645	4	15,60	21,31	21,76
201607	2122492	30 737	6	6,54	12,52	12,78
201607	2122492	30 772	3	95,13	115,92	118,35
201607	2122492	30 781	4	21,76	29,03	29,64
201607	2122492	30 795	49	73,99	122,76	125,34
201607	2122492	30 795	7	10,57	17,55	17,92
201607	2122492	31 029	4	4,84	8,85	9,04
201607	2122492	31 037	3	3,63	6,64	6,78
201607	2122492	31 047	4	4,84	8,85	9,04
201607	2122492	31 080	4	4,84	8,85	9,04
201607	2122492	31 081	4	4,84	8,85	9,04
201607	2122492	31 094	4	4,84	7,86	8,02
201607	2122492	31 107	10	12,10	22,14	22,60
201607	2122492	31 114	3	3,63	6,64	6,78
201607	2122492	31 114	3	3,63	6,64	6,78
201607	2122492	31 114	4	4,84	8,85	9,04
201607	2122492	31 115	9	10,89	19,75	20,16
201607	2122492	31 116	13	15,73	28,78	29,38
201607	2122492	31 116	9	10,89	19,92	20,34
201607	2122492	31 116	15	18,15	29,21	29,82
201607	2122492	31 118	3	3,63	5,64	5,76
201607	2122492	31 120	6	6,36	12,34	12,60
201607	2122492	31 120	7	7,42	14,40	14,70
201607	2122492	31 120	8	8,48	15,46	15,78
201607	2122492	31 121	5	5,30	10,28	10,50
201607	2122492	31 126	3	3,63	6,64	6,78
201607	2122492	31 177	4	4,84	8,85	9,04
201607	2122492	31 226	3	3,63	6,64	6,78
201607	2122492	31 226	3	3,63	5,64	5,76
201607	2122492	31 235	4	4,84	8,85	9,04
201607	2122492	31 244	4	4,84	8,85	9,04
201607	2122492	31 255	3	3,63	6,64	6,78
201607	2122492	31 263	4	4,84	8,85	9,04
201607	2122492	31 327	4	4,84	8,85	9,04
201607	2122492	31 328	9	10,89	19,92	20,34
201607	2122492	31 329	4	4,84	8,85	9,04
201607	2122492	31 388	8	9,68	17,71	18,08
201607	2122492	31 389	4	4,84	8,85	9,04
201607	2122492	31 401	6	7,26	13,28	13,56
201607	2122492	31 445	3	3,63	5,64	5,76
201607	2122492	31 448	9	10,89	19,92	20,34
201607	2122492	31 448	3	3,63	6,64	6,78
201607	2122492	31 449	6	7,26	13,28	13,56
201607	2122492	31 453	4	4,24	8,23	8,40
201607	2122492	31 517	4	4,24	8,23	8,40
201607	2122492	31 528	4	4,84	8,85	9,04
201607	2122492	31 533	4	4,24	8,23	8,40
201607	2122492	31 556	4	4,84	6,86	7,00
201607	2122492	31 588	4	4,24	8,23	8,40
201607	2122492	31 589	8	8,48	16,45	16,80
201607	2122492	31 590	4	4,24	8,23	8,40
201607	2122492	31 597	5	5,30	10,28	10,50
201607	2122492	31 612	3	3,63	6,64	6,78
201607	2122492	31 614	5	6,05	6,07	6,20
201607	2122492	31 615	5	6,05	11,07	11,30
201607	2122492	31 646	4	4,24	8,23	8,40
201607	2122492	31 682	7	7,42	14,40	14,70
201607	2122492	31 695	12	14,52	26,56	27,12
201607	2122492	31 695	3	3,63	6,64	6,78
201607	2122492	31 701	4	4,24	8,23	8,40
201607	2122492	31 706	4	4,84	8,85	9,04
201607	2122492	31 714	8	9,68	17,71	18,08
201607	2122492	31 742	4	4,24	8,23	8,40
201607	2122492	31 743	4	4,24	8,23	8,40
201607	2122492	31 743	4	4,24	8,23	8,40
201607	2122492	31 744	4	4,24	8,23	8,40
201607	2122492	31 782	4	4,84	8,85	9,04
201607	2122492	31 787	4	4,24	8,23	8,40
201607	2122492	31 817	4	4,24	8,23	8,40
201607	2122492	31 817	3	3,18	6,17	6,30
201607	2122492	31 822	3	3,63	6,64	6,78
201607	2122492	31 827	3	3,63	6,64	6,78
201607	2122492	31 864	6	6,36	12,34	12,60
201607	2122492	31 865	6	6,36	12,34	12,60
201607	2122492	31 910	5	5,30	10,28	10,50
201607	2122492	31 910	3	3,18	6,17	6,30
201607	2122492	31 921	5	5,30	10,28	10,50
201607	2122492	31 933	3	3,18	6,17	6,30
201607	2122492	31 935	3	3,63	6,64	6,78
201607	2122492	31 944	6	7,26	13,28	13,56
201607	2122492	31 945	4	4,84	8,85	9,04
201607	2122492	31 966	3	3,63	6,64	6,78
201607	2122492	31 969	4	4,84	8,85	9,04
201607	2122492	31 979	3	3,63	6,64	6,78
201607	2122492	31 980	3	3,63	6,64	6,78
201607	2122492	31 985	4	4,84	8,85	9,04
201607	2122492	31 988	7	8,47	15,49	15,82
201607	2122492	31 996	5	6,05	11,07	11,30
201607	2122492	33 093	133	146,30	258,57	264,00
201607	2122492	33 093	181	199,10	372,28	380,10
201607	2122492	33 093	6	6,60	12,34	12,60
201607	2122492	33 799	3	7,80	11,11	11,34
201607	2122492	33 799	3	7,80	11,11	11,34
201607	2122492	33 989	3	9,39	12,82	14,10
201607	2122492	33 997	3	4,29	7,29	7,44
201607	2122492	34 506	7	20,37	25,15	26,13
201607	2122492	34 555	12	12,72	24,68	25,20
201607	2122492	34 647	5	5,30	9,89	10,10
201607	2122492	35 052	4	9,72	13,95	14,24
201607	2122492	35 254	23	39,79	42,13	50,55
201607	2122492	35 370	3	6,93	9,99	10,20
201607	2122492	38 927	10	96,00	124,09	126,70
201607	2122492	38 927	10	96,00	124,09	126,70
201607	2122492	38 933	6	26,10	35,38	36,12
201607	2122492	38 936	14	33,60	48,27	49,28
201607	2122492	38 937	3	10,71	14,75	15,06
201607	2122492	38 937	11	35,64	52,03	53,12
201607	2122492	38 942	27	50,49	77,48	79,11
201607	2122492	38 942	43	80,41	123,40	125,99
201607	2122492	38 947	3	5,55	8,55	8,73
201607	2122492	38 960	4	15,40	21,08	21,52
201607	2122492	38 962	4	19,36	26,05	26,60
201607	2122492	38 964	19	26,41	45,41	46,36
201607	2122492	38 968	3	10,23	14,13	14,43
201607	2122492	38 969	3	10,23	14,13	14,43
201607	2122492	38 976	7	32,41	43,74	44,66
201607	2122492	38 986	16	63,52	86,66	88,48
201607	2122492	38 997	3	3,87	6,88	7,02
201607	2122492	39 005	4	12,20	17,04	17,40
201607	2122492	39 013	18	61,38	84,15	85,92
201607	2122492	39 013	3	10,23	14,13	14,43
201607	2122492	39 021	8	13,76	21,78	22,24
201607	2122492	39 030	7	49,98	65,48	66,85
201607	2122492	39 054	7	12,32	19,33	19,74
201607	2122492	39 057	3	19,53	25,74	26,28
201607	2122492	39 068	16	38,56	55,32	56,48
201607	2122492	39 068	19	45,79	65,69	67,07
201607	2122492	39 168	16	42,08	59,71	60,96
201607	2122492	39 186	3	7,92	11,25	11,49
201607	2122492	39 217	10	17,80	27,82	28,40
201607	2122492	39 221	7	681,80	766,98	783,09
201607	2122492	39 355	5	6,45	11,46	11,70
201607	2122492	39 358	5	12,70	18,12	18,50
201607	2122492	39 358	8	20,32	28,99	29,60
201607	2122492	39 370	3	21,87	28,62	29,22
201607	2122492	39 404	6	43,74	57,24	58,44
201607	2122492	39 560	36	66,60	102,61	104,76
201607	2122492	39 560	96	177,60	273,61	279,36
201607	2122492	39 579	8	14,80	22,80	23,28
201607	2122492	39 579	7	12,95	19,95	20,37
201607	2122492	39 649	5	34,90	45,79	46,75
201607	2122492	39 693	9	18,45	27,41	27,99
201607	2122492	40 909	5	32,55	42,90	43,80
201607	2122492	41 025	24	96,72	131,87	134,64
201607	2122492	41 025	8	32,24	43,96	44,88
201607	2122492	41 180	11	26,62	38,25	39,05
201607	2122492	42 227	7	11,20	18,17	18,55
201607	2122492	42 236	8	5,44	13,40	13,68
201607	2122492	42 236	7	4,76	11,72	11,97
201607	2122492	42 237	18	25,38	43,37	44,28
201607	2122492	42 237	10	14,10	24,09	24,60
201607	2122492	42 238	10	25,00	35,75	36,50
201607	2122492	42 238	3	7,50	10,72	10,95
201607	2122492	42 849	49	68,11	116,10	118,54
201607	2122492	42 849	35	48,65	83,64	85,40
201607	2122492	42 960	4	4,92	8,93	9,12
201607	2122492	42 989	10	27,70	39,08	39,90
201607	2122492	43 063	3	3,60	6,61	6,75
201607	2122492	43 224	30	67,20	97,26	99,30
201607	2122492	43 224	7	15,68	22,69	23,17
201607	2122492	43 224	3	6,72	9,73	9,93
201607	2122492	43 243	4	5,72	21,45	23,60
201607	2122492	43 626	3	5,49	8,49	8,67
201607	2122492	43 945	6	11,52	17,51	17,88
201607	2122492	43 945	9	17,28	26,27	26,82
201607	2122492	44 295	7	25,27	38,18	42,00
201607	2122492	44 954	7	13,30	20,29	20,72
201607	2122492	44 962	30	50,40	80,51	82,20
201607	2122492	45 002	3	3,63	6,64	6,78
201607	2122492	47 173	4	7,32	11,32	11,56
201607	2122492	49 401	7	70,14	90,50	92,40
201607	2122492	49 441	4	16,52	25,27	27,80
201607	2122492	49 787	3	14,10	19,01	19,41
201607	2122492	50 001	80	96,80	164,51	167,96
201607	2122492	50 001	105	127,05	215,96	220,50
201607	2122492	50 001	21	25,41	42,19	43,08
201607	2122492	50 593	5	25,30	33,89	34,60
201607	2122492	51 055	4	7,20	19,64	21,60
201607	2122492	51 216	6	16,62	45,84	46,80
201607	2122492	51 216	4	11,08	30,56	31,20
201607	2122492	51 219	4	20,24	27,11	27,68
201607	2122492	51 219	6	30,36	40,67	41,52
201607	2122492	51 241	3	15,18	20,33	20,76
201607	2122492	51 241	4	20,24	27,11	27,68
201607	2122492	51 275	5	25,30	33,89	34,60
201607	2122492	51 630	7	12,60	19,61	20,02
201607	2122492	53 145	11	20,90	31,89	32,56
201607	2122492	53 145	3	5,70	8,70	8,88
201607	2122492	53 456	4	4,92	8,93	9,12
201607	2122492	53 457	10	17,00	27,03	27,60
201607	2122492	53 489	4	16,36	22,29	22,76
201607	2122492	53 559	3	7,44	10,64	10,86
201607	2122492	53 574	4	19,44	26,17	26,72
201607	2122492	54 962	5	21,35	25,00	30,00
201607	2122492	54 963	7	51,59	50,38	60,45
201607	2122492	56 415	4	18,08	20,50	24,60
201607	2122492	57 554	7	16,66	35,00	42,00
201607	2122492	57 992	7	24,08	33,09	36,40
201607	2122492	59 967	11	66,00	244,38	293,26
201607	2122492	60 006	6	21,66	29,79	30,42
201607	2122492	60 074	8	104,08	133,12	135,92
201607	2122492	60 093	3	5,31	10,25	12,30
201607	2122492	60 231	3	15,24	17,73	19,50
201607	2122492	60 232	5	10,55	20,45	22,50
201607	2122492	60 274	23	24,50	46,84	47,82
201607	2122492	60 274	16	17,16	32,73	33,42
201607	2122492	60 274	5	5,30	9,29	9,48
201607	2122492	60 290	3	3,99	6,99	7,14
201607	2122492	60 290	4	5,32	9,32	9,52
201607	2122492	60 291	6	9,36	15,34	15,66
201607	2122492	60 291	10	15,60	24,56	25,08
201607	2122492	60 341	72	90,72	158,74	162,07
201607	2122492	60 341	7	8,82	15,84	16,17
201607	2122492	60 341	13	16,38	25,42	25,95
201607	2122492	60 371	4	4,84	7,86	8,02
201607	2122492	60 376	11	14,30	25,32	25,85
201607	2122492	60 376	3	3,90	6,90	7,05
201607	2122492	60 382	4	6,72	10,73	10,96
201607	2122492	60 390	71	78,10	146,03	149,10
201607	2122492	60 390	41	45,10	84,33	86,10
201607	2122492	60 390	10	11,00	20,57	21,00
201607	2122492	60 437	8	25,92	36,04	36,80
201607	2122492	60 466	3	4,98	7,96	8,13
201607	2122492	60 466	4	6,64	10,62	10,84
201607	2122492	60 469	22	411,62	521,23	532,18
201607	2122492	60 469	13	243,23	308,00	314,47
201607	2122492	60 485	9	12,15	21,16	21,60
201607	2122492	60 485	8	10,80	18,81	19,20
201607	2122492	60 487	15	42,60	59,98	61,24
201607	2122492	60 492	4	53,20	67,97	69,40
201607	2122492	60 532	3	4,23	7,23	7,38
201607	2122492	60 532	3	4,23	7,23	7,38
201607	2122492	60 553	9	46,53	62,32	63,63
201607	2122492	60 553	16	82,72	110,79	113,12
201607	2122492	60 607	4	11,28	16,33	19,60
201607	2122492	60 723	3	28,11	36,35	37,11
201607	2122492	60 862	6	16,14	20,00	24,00
201607	2122492	61 676	9	10,89	17,92	18,30
201607	2122492	61 677	3	3,63	6,64	6,78
201607	2122492	61 783	4	7,24	23,64	26,00
201607	2122492	62 309	3	6,21	13,64	15,00
201607	2122492	62 379	3	10,35	17,50	21,00
201607	2122492	62 493	90	149,40	238,88	243,90
201607	2122492	62 551	28	41,72	69,66	71,12
201607	2122492	62 574	5	9,75	14,74	15,05
201607	2122492	62 581	24	66,96	61,33	73,60
201607	2122492	63 037	10	116,20	149,07	152,20
201607	2122492	63 127	15	196,05	250,49	255,75
201607	2122492	65 645	6	81,30	103,78	105,96
201607	2122492	65 714	19	90,25	101,91	112,10
201607	2122492	65 751	8	28,80	36,65	37,42
201607	2122492	65 751	4	14,40	19,82	20,24
201607	2122492	66 077	15	33,60	48,63	49,65
201607	2122492	66 537	4	23,60	31,30	31,96
201607	2122492	66 800	16	39,04	55,95	57,12
201607	2122492	66 810	4	22,40	29,81	30,44
201607	2122492	66 896	7	39,20	52,17	53,27
201607	2122492	67 672	14	16,94	30,64	31,28
201607	2122492	67 676	13	15,73	28,78	29,38
201607	2122492	67 682	3	3,78	6,79	6,93
201607	2122492	67 685	14	16,94	30,64	31,28
201607	2122492	67 689	4	4,84	8,85	9,04
201607	2122492	67 690	3	2,88	5,88	6,00
201607	2122492	67 712	34	41,14	75,26	76,84
201607	2122492	67 712	10	12,10	22,14	22,60
201607	2122492	67 713	3	2,88	5,88	6,00
201607	2122492	67 713	5	4,80	9,79	10,00
201607	2122492	67 732	52	62,92	115,10	117,52
201607	2122492	67 732	16	19,36	35,42	36,16
201607	2122492	67 732	11	13,31	24,35	24,86
201607	2122492	67 912	8	20,32	28,99	29,60
201607	2122492	68 698	5	6,25	11,26	11,50
201607	2122492	68 698	3	3,75	6,76	6,90
201607	2122492	68 707	3	6,42	9,40	9,60
201607	2122492	68 708	3	6,36	9,34	9,54
201607	2122492	68 708	3	6,36	9,34	9,54
201607	2122492	68 717	8	12,24	20,22	20,64
201607	2122492	68 717	6	9,18	15,16	15,48
201607	2122492	68 721	22	28,60	50,64	51,70
201607	2122492	68 721	24	31,20	54,77	55,92
201607	2122492	68 722	3	6,78	9,81	10,02
201607	2122492	68 722	6	13,56	19,63	20,04
201607	2122492	68 740	3	6,84	9,90	10,11
201607	2122492	68 764	6	59,16	76,34	77,94
201607	2122492	69 077	21	31,08	52,04	53,13
201607	2122492	69 077	6	8,88	14,87	15,18
201607	2122492	69 153	5	48,70	62,88	64,20
201607	2122492	69 157	15	25,80	40,84	41,70
201607	2122492	69 157	24	41,28	65,35	66,72
201607	2122492	69 161	3	8,85	12,40	12,66
201607	2122492	69 162	4	8,36	12,34	12,60
201607	2122492	69 162	4	8,36	12,34	12,60
201607	2122492	69 163	5	12,85	18,32	18,70
201607	2122492	69 164	4	20,48	27,42	28,00
201607	2122492	69 188	3	9,69	13,46	13,74
201607	2122492	69 193	10	19,60	29,58	30,20
201607	2122492	69 194	3	3,45	6,43	6,57
201607	2122492	69 551	3	7,80	11,69	11,94
201607	2122492	69 551	3	7,80	11,69	11,94
201607	2122492	70 104	3	10,41	14,37	14,67
201607	2122492	70 210	4	15,40	20,08	20,50
201607	2122492	70 228	3	6,84	9,90	10,11
201607	2122492	70 247	3	7,77	11,05	11,28
201607	2122492	70 281	3	13,35	18,07	18,45
201607	2122492	70 296	45	116,55	165,72	169,20
201607	2122492	70 296	11	28,49	40,51	41,36
201607	2122492	70 296	3	7,77	10,05	10,26
201607	2122492	70 303	3	9,81	13,60	13,89
201607	2122492	70 332	3	9,48	13,19	13,47
201607	2122492	70 333	3	4,02	7,02	7,17
201607	2122492	70 333	6	8,04	14,05	14,34
201607	2122492	70 334	6	10,98	16,98	17,34
201607	2122492	70 334	11	20,13	31,14	31,79
201607	2122492	70 337	37	82,01	119,62	122,13
201607	2122492	70 337	4	8,88	12,89	13,16
201607	2122492	70 365	3	22,50	29,41	30,03
201607	2122492	70 370	4	5,04	9,09	10,00
201607	2122492	70 404	17	42,50	60,77	62,05
201607	2122492	70 404	14	35,00	50,05	51,10
201607	2122492	70 428	10	63,20	83,35	85,10
201607	2122492	70 428	4	25,28	33,34	34,04
201607	2122492	70 685	6	662,64	741,86	757,44
201607	2122492	70 727	3	26,76	34,70	35,43
201607	2122492	70 728	5	133,70	166,41	169,90
201607	2122492	70 948	3	5,61	8,61	8,79
201607	2122492	70 948	12	22,44	34,44	35,16
201607	2122492	71 180	4	7,64	11,64	11,88
201607	2122492	71 266	17	24,65	41,63	42,50
201607	2122492	71 268	3	6,48	9,49	9,69
201607	2122492	71 268	4	8,64	12,65	12,92
201607	2122492	71 284	3	17,04	22,62	23,10
201607	2122492	71 297	24	25,44	49,36	50,40
201607	2122492	71 299	9	19,62	28,65	29,25
201607	2122492	71 305	5	5,34	8,13	8,30
201607	2122492	71 397	12	12,72	24,68	25,20
201607	2122492	71 407	12	81,60	107,19	109,44
201607	2122492	71 415	9	19,08	28,03	28,62
201607	2122492	71 433	3	12,21	16,63	16,98
201607	2122492	71 530	3	10,53	17,50	21,00
201607	2122492	71 645	4	8,00	43,10	44,00
201607	2122492	71 648	9	279,36	341,31	348,48
201607	2122492	71 649	4	164,20	194,91	199,00
201607	2122492	71 662	5	23,25	24,00	24,50
201607	2122492	71 925	28	152,60	203,49	207,76
201607	2122492	71 937	3	6,90	9,96	10,17
201607	2122492	71 948	21	162,33	212,06	216,51
201607	2122492	71 948	8	61,84	80,78	82,48
201607	2122492	72 106	3	46,83	49,80	50,85
201607	2122492	72 152	17	40,46	58,11	59,33
201607	2122492	72 152	3	7,14	10,25	10,47
201607	2122492	72 165	13	67,73	90,53	92,43
201607	2122492	72 559	3	4,92	9,27	10,20
201607	2122492	72 621	12	29,88	42,78	43,68
201607	2122492	72 656	10	58,00	76,98	78,60
201607	2122492	72 676	5	46,85	38,79	46,55
201607	2122492	73 473	3	68,94	86,94	88,77
201607	2122492	73 939	61	111,63	171,67	175,27
201607	2122492	73 939	43	78,69	118,72	121,21
201607	2122492	73 939	5	9,15	14,15	14,45
201607	2122492	73 982	3	15,90	21,24	21,69
201607	2122492	74 071	3	22,59	25,00	30,00
201607	2122492	74 316	3	6,99	10,08	10,29
201607	2122492	74 523	3	3,21	6,20	6,33
201607	2122492	74 523	5	5,35	10,33	10,55
201607	2122492	74 920	10	59,50	78,84	80,50
201607	2122492	75 191	3	6,99	14,75	17,70
201607	2122492	76 212	9	28,80	49,09	54,00
201607	2122492	76 245	5	15,25	20,45	22,50
201607	2122492	76 359	6	20,82	30,03	30,66
201607	2122492	76 385	28	65,40	94,08	96,06
201607	2122492	76 724	3	4,05	7,05	7,20
201607	2122492	77 963	6	12,84	18,81	19,20
201607	2122492	77 963	3	6,42	9,40	9,60
201607	2122492	77 964	6	20,40	28,21	28,80
201607	2122492	78 074	7	5,88	12,89	13,16
201607	2122492	78 074	16	13,44	29,46	30,08
201607	2122492	78 075	6	4,80	10,81	11,04
201607	2122492	78 091	4	6,00	9,99	10,20
201607	2122492	78 179	4	4,56	8,54	8,72
201607	2122492	78 179	28	31,92	59,78	61,04
201607	2122492	78 222	7	11,76	18,79	19,18
201607	2122492	78 222	3	5,04	8,05	8,22
201607	2122492	78 247	25	38,25	62,17	63,48
201607	2122492	78 247	15	22,95	36,90	37,68
201607	2122492	78 249	4	10,24	15,40	15,72
201607	2122492	78 579	3	21,69	16,88	20,25
201607	2122492	78 580	21	156,03	130,37	156,45
201607	2122492	78 580	5	37,15	31,04	37,25
201607	2122492	78 581	41	422,30	348,16	417,79
201607	2122492	78 581	3	30,90	25,48	30,57
201607	2122492	78 581	4	41,20	33,97	40,76
201607	2122492	78 842	3	6,93	9,99	10,20
201607	2122492	78 970	3	13,08	14,75	17,70
201607	2122492	80 166	5	11,85	27,27	30,00
201607	2122492	80 166	6	14,22	32,73	36,00
201607	2122492	80 167	3	7,29	10,46	10,68
201607	2122492	80 399	13	27,17	21,23	25,48
201607	2122492	80 399	9	18,81	14,70	17,64
201607	2122492	80 400	8	22,40	16,67	20,00
201607	2122492	80 486	5	9,00	14,01	14,30
201607	2122492	80 897	5	11,75	16,94	17,30
201607	2122492	80 897	4	9,40	13,56	13,84
201607	2122492	80 972	4	9,40	13,56	13,84
201607	2122492	81 246	5	12,95	18,41	18,80
201607	2122492	81 306	11	50,16	67,85	69,27
201607	2122492	81 306	3	13,68	18,48	18,87
201607	2122492	81 374	4	17,12	22,23	22,70
201607	2122492	81 400	20	46,00	66,41	67,80
201607	2122492	81 503	5	6,90	11,90	12,15
201607	2122492	81 503	40	55,20	95,20	97,20
201607	2122492	82 582	6	7,32	13,34	13,62
201607	2122492	82 658	3	6,72	9,73	9,93
201607	2122492	82 686	5	32,85	45,89	46,85
201607	2122492	82 686	10	65,70	91,77	93,70
201607	2122492	82 774	3	16,86	22,42	22,89
201607	2122492	82 903	16	15,04	31,03	31,68
201607	2122492	82 903	5	4,70	9,70	9,90
201607	2122492	83 071	5	8,30	13,27	13,55
201607	2122492	83 071	30	49,80	79,63	81,30
201607	2122492	83 071	3	4,98	7,96	8,13
201607	2122492	83 072	15	18,30	33,26	33,96
201607	2122492	83 072	5	6,10	11,12	11,35
201607	2122492	83 072	6	7,32	13,34	13,62
201607	2122492	83 088	18	55,80	77,92	79,56
201607	2122492	83 088	18	55,80	77,92	79,56
201607	2122492	83 096	4	8,44	12,42	12,68
201607	2122492	83 096	16	33,76	49,68	50,72
201607	2122492	83 173	3	12,96	17,57	17,94
201607	2122492	83 317	12	155,88	199,33	203,52
201607	2122492	83 317	34	441,66	564,78	576,64
201607	2122492	83 318	8	34,40	46,62	47,60
201607	2122492	83 318	8	34,40	46,62	47,60
201607	2122492	83 383	6	58,38	75,40	76,98
201607	2122492	83 397	5	14,20	19,98	20,40
201607	2122492	83 406	6	6,36	12,34	12,60
201607	2122492	83 406	6	6,36	12,34	12,60
201607	2122492	83 536	5	23,00	41,25	49,50
201607	2122492	83 950	3	6,54	9,55	9,75
201607	2122492	84 001	12	26,76	39,64	40,47
201607	2122492	84 001	10	22,30	32,81	33,50
201607	2122492	84 108	24	36,72	60,65	61,92
201607	2122492	84 152	28	38,92	66,66	68,06
201607	2122492	84 154	19	25,65	44,66	45,60
201607	2122492	84 154	4	5,40	9,40	9,60
201607	2122492	84 155	18	30,42	48,48	49,50
201607	2122492	84 156	3	15,21	20,36	20,79
201607	2122492	84 167	7	20,30	28,52	29,12
201607	2122492	84 167	3	8,70	12,22	12,48
201607	2122492	84 200	6	2 025,48	2 188,33	2 234,28
201607	2122492	84 401	4	56,96	72,63	74,16
201607	2122492	84 420	4	14,36	19,75	20,16
201607	2122492	84 420	4	14,36	19,75	20,16
201607	2122492	84 440	3	15,63	20,89	21,33
201607	2122492	84 464	4	20,60	27,27	30,00
201607	2122492	84 527	3	26,88	34,85	35,58
201607	2122492	84 548	4	23,24	30,87	31,52
201607	2122492	84 582	8	16,00	23,98	24,48
201607	2122492	84 586	5	69,20	88,30	90,15
201607	2122492	84 638	6	7,68	13,69	13,98
201607	2122492	84 669	10	20,90	30,85	31,50
201607	2122492	84 672	4	7,76	10,75	10,98
201607	2122492	84 672	3	5,82	8,81	9,00
201607	2122492	84 684	5	9,35	14,35	14,65
201607	2122492	84 831	10	35,50	48,87	49,90
201607	2122492	84 861	5	16,00	22,23	22,70
201607	2122492	84 961	3	6,03	9,02	9,21
201607	2122492	84 962	5	18,80	25,76	26,30
201607	2122492	84 990	7	22,96	31,88	32,55
201607	2122492	84 994	3	10,17	14,07	14,37
201607	2122492	85 011	6	10,74	16,75	17,10
201607	2122492	85 027	8	26,24	36,43	37,20
201607	2122492	85 029	5	15,25	21,30	21,75
201607	2122492	85 035	6	62,16	80,10	81,78
201607	2122492	85 075	8	28,72	39,49	40,32
201607	2122492	85 083	3	22,80	29,76	30,39
201607	2122492	85 137	4	11,92	16,69	17,04
201607	2122492	85 137	4	11,92	16,69	17,04
201607	2122492	85 181	4	18,44	24,88	25,40
201607	2122492	85 213	3	9,84	13,66	13,95
201607	2122492	85 214	13	45,76	63,03	64,35
201607	2122492	85 214	4	14,08	19,39	19,80
201607	2122492	85 238	13	60,45	78,54	80,19
201607	2122492	85 367	4	72,96	92,46	94,40
201607	2122492	85 367	6	109,44	138,69	141,60
201607	2122492	85 398	4	17,32	23,47	23,96
201607	2122492	85 415	10	15,60	25,56	26,10
201607	2122492	85 415	4	6,24	7,23	7,38
201607	2122492	85 568	6	11,64	17,63	18,00
201607	2122492	85 568	10	19,40	29,38	30,00
201607	2122492	85 589	47	167,79	231,17	236,02
201607	2122492	85 589	14	49,98	68,83	70,28
201607	2122492	85 776	7	107,80	137,19	140,07
201607	2122492	85 803	4	9,28	21,55	22,00
201607	2122492	85 804	6	22,68	43,64	48,00
201607	2122492	85 828	7	15,33	22,35	22,82
201607	2122492	85 847	5	8,50	13,52	13,80
201607	2122492	85 847	10	17,00	27,03	27,60
201607	2122492	85 879	20	55,60	63,64	70,00
201607	2122492	85 926	3	8,22	15,00	16,50
201607	2122492	85 968	4	8,76	12,77	13,04
201607	2122492	86 028	4	10,32	14,69	15,00
201607	2122492	88 144	6	7,26	13,28	13,56
201607	2122492	88 399	3	3,63	6,64	6,78
201607	2122492	88 506	4	4,84	8,85	9,04
201607	2122492	90 268	6	7,26	13,28	13,56
201607	2122492	90 515	4	4,84	8,85	9,04
201607	2122492	93 256	3	3,63	6,64	6,78
201607	2122492	93 296	4	4,84	8,85	9,04
201607	2122492	94 279	6	6,36	12,34	12,60
201607	2122492	94 386	3	3,63	6,64	6,78
201607	2122492	95 371	4	4,84	8,85	9,04
201607	2122492	96 077	3	3,63	6,64	6,78
201607	2122492	97 347	4	4,84	8,85	9,04
201607	2122492	98 723	4	4,84	8,85	9,04
201607	2122492	101 229	3	15,51	21,51	21,96
201607	2122492	101 236	8	11,36	19,35	19,76
201607	2122492	101 236	3	4,26	7,26	7,41
201607	2122492	101 237	4	4,08	8,07	8,24
201607	2122492	101 237	6	6,12	12,11	12,36
201607	2122492	101 409	4	365,84	412,62	421,28
201607	2122492	101 409	3	274,38	309,46	315,96
201607	2122492	101 837	4	7,20	11,12	11,35
201607	2122492	101 957	4	119,32	146,44	149,52
201607	2122492	101 980	3	19,65	16,09	17,70
201607	2122492	102 902	4	34,76	45,13	46,08
201607	2122492	102 902	6	52,14	67,70	69,12
201607	2122492	102 939	3	15,63	18,82	20,70
201607	2122492	102 939	3	15,63	18,82	20,70
201607	2122492	102 947	3	20,28	26,68	27,24
201607	2122492	102 954	3	123,15	146,18	149,25
201607	2122492	102 960	4	21,16	27,29	27,86
201607	2122492	102 982	4	135,44	163,84	167,28
201607	2122492	103 006	4	32,28	42,04	42,92
201607	2122492	103 038	3	14,67	19,69	20,10
201607	2122492	103 070	5	9,90	14,20	14,50
201607	2122492	103 188	6	41,22	54,12	55,26
201607	2122492	103 533	21	83,16	117,24	119,70
201607	2122492	103 539	5	21,25	30,17	30,80
201607	2122492	103 540	23	121,67	165,31	168,78
201607	2122492	103 540	10	52,90	74,05	75,60
201607	2122492	103 541	23	97,75	138,77	141,68
201607	2122492	103 541	6	25,50	36,20	36,96
201607	2122492	103 542	25	132,25	185,27	189,16
201607	2122492	103 542	5	26,45	37,02	37,80
201607	2122492	103 609	6	22,32	30,62	31,26
201607	2122492	103 656	9	25,38	35,79	36,54
201607	2122492	103 874	37	79,18	114,97	117,38
201607	2122492	103 874	19	40,66	58,55	59,78
201607	2122492	103 874	7	14,98	14,95	15,26
201607	2122492	103 887	29	45,24	74,05	75,61
201607	2122492	103 887	7	10,92	17,89	18,27
201607	2122492	103 900	16	44,32	65,97	67,36
201607	2122492	103 900	18	49,86	74,22	75,78
201607	2122492	103 902	4	23,76	32,99	33,68
201607	2122492	103 902	4	23,76	32,99	33,68
201607	2122492	104 149	14	36,26	51,56	52,64
201607	2122492	104 150	3	3,60	6,61	6,75
201607	2122492	104 364	3	20,70	22,25	26,70
201607	2122492	104 592	4	16,24	32,73	36,00
201607	2122492	104 601	5	135,80	168,66	172,20
201607	2122492	104 679	11	21,89	20,85	22,00
201607	2122492	104 794	8	123,20	156,79	160,08
201607	2122492	104 832	4	21,44	28,68	29,28
201607	2122492	105 034	6	48,42	63,06	64,38
201607	2122492	105 134	9	10,17	19,13	19,53
201607	2122492	105 134	7	7,91	14,88	15,19
201607	2122492	105 147	3	53,82	68,23	69,66
201607	2122492	105 158	24	50,16	83,92	100,70
201607	2122492	105 158	3	6,27	11,67	14,00
201607	2122492	105 159	5	16,75	28,19	33,83
201607	2122492	105 160	6	66,30	60,80	72,96
201607	2122492	105 358	3	7,92	11,25	11,49
201607	2122492	105 524	11	357,28	434,29	443,41
201607	2122492	105 548	6	18,18	27,27	30,00
201607	2122492	106 148	5	10,00	14,99	15,30
201607	2122492	106 179	4	12,76	21,45	23,60
201607	2122492	106 270	3	29,55	42,65	45,00
201607	2122492	106 852	5	61,30	82,37	84,10
201607	2122492	106 983	3	10,65	14,66	14,97
201607	2122492	107 270	6	26,10	58,77	60,00
201607	2122492	107 270	3	13,05	29,38	30,00
201607	2122492	107 271	4	10,56	26,25	26,80
201607	2122492	107 359	4	13,64	18,84	19,24
201607	2122492	107 717	3	97,44	118,44	120,93
201607	2122492	107 717	15	487,20	592,21	604,65
201607	2122492	107 832	3	111,57	133,66	136,47
201607	2122492	108 316	3	25,38	34,12	36,00
201607	2122492	108 386	19	23,37	42,43	43,32
201607	2122492	108 386	19	23,37	42,43	43,32
201607	2122492	108 388	395	434,50	801,61	818,44
201607	2122492	108 388	203	223,30	417,53	426,30
201607	2122492	108 388	30	33,00	51,71	52,80
201607	2122492	108 555	3	13,59	18,36	18,75
201607	2122492	108 568	13	52,91	76,35	77,95
201607	2122492	108 568	6	24,42	35,20	35,94
201607	2122492	109 071	7	41,51	55,05	56,21
201607	2122492	109 215	7	19,46	28,66	29,26
201607	2122492	109 228	15	79,80	112,24	114,60
201607	2122492	109 236	19	20,14	39,08	39,90
201607	2122492	109 236	5	5,30	7,29	7,44
201607	2122492	109 237	8	265,36	321,72	328,48
201607	2122492	109 618	3	93,87	114,56	116,97
201607	2122492	109 633	3	19,47	25,65	26,19
201607	2122492	109 996	12	35,88	50,66	51,72
201607	2122492	109 996	3	8,97	12,66	12,93
201607	2122492	110 092	4	7,48	11,48	11,72
201607	2122492	110 693	5	451,50	509,55	520,25
201607	2122492	110 735	4	26,56	34,95	35,68
201607	2122492	110 735	4	26,56	34,95	35,68
201607	2122492	111 019	4	20,88	27,89	28,48
201607	2122492	111 241	4	9,16	13,24	13,52
201607	2122492	111 311	6	11,70	18,19	18,57
201607	2122492	111 311	3	5,85	9,05	9,24
201607	2122492	111 485	3	7,92	11,25	11,49
201607	2122492	111 485	7	18,48	24,26	24,77
201607	2122492	111 810	4	19,96	26,80	27,36
201607	2122492	111 810	3	14,97	20,10	20,52
201607	2122492	111 813	3	6,42	9,40	9,60
201607	2122492	111 981	3	13,53	17,63	18,60
201607	2122492	112 134	5	94,70	119,88	122,40
201607	2122492	112 134	3	56,82	71,93	73,44
201607	2122492	112 150	7	14,00	20,98	21,42
201607	2122492	112 218	388	411,78	776,19	792,49
201607	2122492	112 218	239	253,34	491,58	501,90
201607	2122492	112 218	19	20,14	35,08	35,82
201607	2122492	112 219	13	112,06	145,53	148,59
201607	2122492	112 219	4	34,48	44,78	45,72
201607	2122492	112 363	3	8,85	16,36	18,00
201607	2122492	112 363	4	11,80	21,82	24,00
201607	2122492	112 364	4	39,08	50,46	51,52
201607	2122492	112 365	4	42,56	54,77	55,92
201607	2122492	114 217	6	21,42	29,50	30,12
201607	2122492	114 870	7	20,79	31,74	32,41
201607	2122492	115 465	3	4,41	7,40	7,56
201607	2122492	115 625	56	106,40	161,35	164,74
201607	2122492	115 625	3	5,70	8,70	8,88
201607	2122492	116 026	4	6,88	11,52	11,76
201607	2122492	116 027	13	40,82	60,29	61,56
201607	2122492	116 027	3	9,42	13,84	14,13
201607	2122492	116 028	29	175,45	245,82	250,98
201607	2122492	116 028	22	133,10	186,82	190,74
201607	2122492	116 265	8	31,36	36,67	44,00
201607	2122492	116 618	6	38,58	56,30	59,40
201607	2122492	116 761	4	38,12	49,25	50,28
201607	2122492	116 794	46	68,08	112,99	115,36
201607	2122492	116 794	28	41,44	69,38	70,84
201607	2122492	116 794	6	8,88	14,87	15,18
201607	2122492	117 069	5	10,10	15,08	15,40
201607	2122492	117 221	3	3,42	6,41	6,54
201607	2122492	117 286	15	88,05	123,70	126,30
201607	2122492	117 326	31	58,90	88,87	90,74
201607	2122492	117 326	6	11,40	17,39	17,76
201607	2122492	117 326	4	7,60	11,60	11,84
201607	2122492	117 326	7	13,30	20,29	20,72
201607	2122492	117 684	149	158,06	306,19	312,62
201607	2122492	117 684	30	31,80	61,70	63,00
201607	2122492	117 684	3	3,18	6,17	6,30
201607	2122492	117 684	4	4,24	6,23	6,36
201607	2122492	118 226	5	118,35	149,22	152,35
201607	2122492	118 303	4	29,28	40,33	41,18
201607	2122492	118 466	4	65,84	59,67	71,60
201607	2122492	118 536	5	29,80	39,52	40,35
201607	2122492	118 537	4	32,32	49,83	50,88
201607	2122492	118 537	5	40,40	62,29	63,60
201607	2122492	118 644	4	26,68	31,00	37,20
201607	2122492	118 654	3	25,68	33,35	34,05
201607	2122492	118 918	8	15,92	24,60	25,12
201607	2122492	118 918	4	7,96	12,30	12,56
201607	2122492	118 921	18	35,82	55,36	56,52
201607	2122492	118 944	3	15,18	20,33	20,76
201607	2122492	119 054	16	16,96	30,91	31,56
201607	2122492	119 054	8	8,48	16,45	16,80
201607	2122492	119 097	3	99,93	121,09	123,63
201607	2122492	119 231	4	20,24	27,11	27,68
201607	2122492	120 233	7	26,46	36,27	37,03
201607	2122492	120 912	3	4,80	7,79	7,95
201607	2122492	121 035	47	52,64	99,43	101,52
201607	2122492	121 035	50	56,00	105,78	108,00
201607	2122492	121 035	3	3,36	6,35	6,48
201607	2122492	121 036	63	94,50	157,35	160,65
201607	2122492	121 036	19	28,50	47,45	48,45
201607	2122492	121 198	5	0,00	21,06	21,50
201607	2122492	121 627	3	46,83	59,56	60,81
201607	2122492	121 798	5	334,45	383,10	391,15
201607	2122492	122 051	3	159,63	185,58	189,48
201607	2122492	122 051	17	904,57	1 051,64	1 073,72
201607	2122492	122 055	10	54,00	76,30	77,90
201607	2122492	122 055	6	32,40	45,78	46,74
201607	2122492	122 167	5	87,60	111,07	113,40
201607	2122492	122 168	5	50,50	65,13	66,50
201607	2122492	122 256	28	128,80	114,33	137,20
201607	2122492	122 323	3	8,25	11,67	11,91
201607	2122492	122 811	3	5,73	8,73	8,91
201607	2122492	124 400	3	6,90	9,96	10,17
201607	2122492	124 645	5	172,30	208,03	212,40
201607	2122492	124 719	3	15,18	20,33	20,76
201607	2122492	124 725	3	74,64	93,79	95,76
201607	2122492	124 758	73	195,64	293,14	299,30
201607	2122492	124 758	57	152,76	226,90	231,66
201607	2122492	124 777	10	45,30	64,35	65,70
201607	2122492	124 801	4	8,48	12,46	12,72
201607	2122492	124 801	13	27,56	40,49	41,34
201607	2122492	125 064	8	17,52	25,54	26,08
201607	2122492	125 159	10	34,00	47,01	48,00
201607	2122492	125 293	5	79,15	100,64	102,75
201607	2122492	125 294	7	26,88	38,18	42,00
201607	2122492	125 312	11	211,75	268,02	273,65
201607	2122492	125 312	14	269,50	341,02	348,18
201607	2122492	126 684	4	19,32	10,73	12,87
201607	2122492	126 725	5	20,45	27,86	28,45
201607	2122492	126 998	10	50,80	72,28	73,80
201607	2122492	126 998	13	66,04	93,97	95,94
201607	2122492	127 070	3	9,45	13,36	14,70
201607	2122492	127 072	14	22,40	35,64	39,20
201607	2122492	127 692	5	25,60	36,34	37,10
201607	2122492	127 692	6	30,72	43,60	44,52
201607	2122492	127 692	3	15,36	21,80	22,26
201607	2122492	128 016	4	8,24	12,22	12,48
201607	2122492	128 109	4	165,48	196,28	200,40
201607	2122492	128 239	9	7,56	7,95	9,54
201607	2122492	128 239	21	17,64	18,55	22,26
201607	2122492	128 246	5	2,20	1,71	2,05
201607	2122492	128 247	9	5,22	5,30	6,36
201607	2122492	128 248	92	70,84	61,33	73,60
201607	2122492	128 248	40	30,80	26,67	32,00
201607	2122492	128 354	9	24,66	35,76	36,51
201607	2122492	128 354	26	71,24	106,19	108,42
201607	2122492	128 358	11	24,64	35,66	36,41
201607	2122492	128 391	3	18,90	14,75	17,70
201607	2122492	129 625	9	39,78	53,86	54,99
201607	2122492	129 813	7	38,50	35,00	42,00
201607	2122492	130 289	4	10,28	14,65	14,96
201607	2122492	130 379	4	15,44	29,77	30,40
201607	2122492	130 620	3	41,61	53,10	54,21
201607	2122492	130 626	3	7,56	10,64	11,70
201607	2122492	130 626	7	17,64	24,82	27,30
201607	2122492	130 948	8	40,08	56,96	58,16
201607	2122492	130 948	12	60,12	86,05	87,86
201607	2122492	131 365	12	21,12	33,14	33,84
201607	2122492	131 737	5	16,80	25,37	25,90
201607	2122492	131 737	4	13,44	20,29	20,72
201607	2122492	131 739	4	16,64	24,72	25,24
201607	2122492	131 816	26	117,78	167,38	170,90
201607	2122492	132 049	4	38,04	49,17	50,20
201607	2122492	132 350	6	28,56	37,43	38,22
201607	2122492	132 434	4	115,20	142,02	145,00
201607	2122492	132 434	5	144,00	177,52	181,25
201607	2122492	132 504	3	20,82	24,75	29,70
201607	2122492	132 505	4	19,76	24,67	29,60
201607	2122492	132 525	4	37,68	51,71	52,80
201607	2122492	132 525	11	103,62	142,21	145,20
201607	2122492	132 569	3	39,62	49,25	50,28
201607	2122492	132 590	9	290,34	353,12	360,54
201607	2122492	132 590	5	161,30	196,18	200,30
201607	2122492	132 592	4	55,52	70,83	72,32
201607	2122492	132 757	4	12,00	17,82	19,60
201607	2122492	133 421	6	64,56	83,10	84,84
201607	2122492	133 421	5	53,80	69,25	70,70
201607	2122492	133 702	4	37,20	48,15	49,16
201607	2122492	133 704	7	242,41	292,55	298,69
201607	2122492	133 909	3	22,83	27,00	29,70
201607	2122492	134 021	7	44,80	59,10	60,34
201607	2122492	134 250	4	10,12	14,46	14,76
201607	2122492	134 426	3	88,59	112,80	115,17
201607	2122492	134 484	10	160,00	203,43	207,70
201607	2122492	134 603	3	62,22	78,63	80,28
201607	2122492	134 605	5	21,00	28,83	34,60
201607	2122492	135 495	5	160,00	194,81	198,90
201607	2122492	136 135	5	80,00	101,71	103,85
201607	2122492	136 207	3	162,99	189,20	193,17
201607	2122492	136 239	3	14,79	19,86	20,28
201607	2122492	137 140	4	25,80	46,55	51,20
201607	2122492	137 244	4	5,96	9,95	10,16
201607	2122492	137 334	5	25,00	32,92	39,50
201607	2122492	138 256	13	48,23	66,21	67,60
201607	2122492	138 265	3	68,88	88,62	90,48
201607	2122492	138 272	8	40,64	55,79	56,96
201607	2122492	138 276	37	51,06	88,00	89,85
201607	2122492	138 276	9	12,42	21,42	21,87
201607	2122492	138 440	76	136,80	212,80	217,27
201607	2122492	138 440	7	12,60	19,61	20,02
201607	2122492	138 590	3	24,15	31,47	32,13
201607	2122492	138 778	4	165,92	182,70	219,24
201607	2122492	139 635	3	94,26	114,98	117,39
201607	2122492	139 784	21	86,37	125,05	127,68
201607	2122492	140 406	4	32,16	41,92	42,80
201607	2122492	140 406	11	88,44	115,28	117,70
201607	2122492	140 610	6	6,36	12,34	12,60
201607	2122492	140 610	3	3,18	6,17	6,30
201607	2122492	140 611	4	6,00	9,99	10,20
201607	2122492	140 611	5	7,50	12,49	12,75
201607	2122492	140 851	3	37,11	49,69	50,73
201607	2122492	141 237	3	5,19	7,36	8,10
201607	2122492	141 385	4	69,40	72,11	76,08
201607	2122492	141 596	3	92,01	84,68	89,34
201607	2122492	142 083	9	173,25	219,23	223,83
201607	2122492	142 083	6	115,50	146,15	149,22
201607	2122492	143 098	15	37,35	53,48	54,60
201607	2122492	143 100	9	36,81	45,00	49,50
201607	2122492	143 219	3	97,44	118,44	120,93
201607	2122492	143 707	3	25,80	24,75	29,70
201607	2122492	144 240	9	407,07	479,18	489,24
201607	2122492	144 240	23	1 040,29	1 224,56	1 250,28
201607	2122492	144 665	5	35,00	45,94	46,90
201607	2122492	144 836	4	30,72	40,12	40,96
201607	2122492	144 839	3	16,23	33,00	39,60
201607	2122492	146 166	12	19,92	31,85	32,52
201607	2122492	146 166	8	13,28	21,23	21,68
201607	2122492	146 659	16	75,20	112,14	114,49
201607	2122492	146 692	7	20,23	28,45	29,05
201607	2122492	146 874	4	143,60	172,65	176,28
201607	2122492	146 875	4	143,60	172,65	176,28
201607	2122492	146 904	4	15,84	22,88	23,36
201607	2122492	146 906	5	19,80	28,60	29,20
201607	2122492	146 906	17	67,32	97,24	99,28
201607	2122492	146 907	3	33,39	47,63	48,63
201607	2122492	146 934	6	43,38	56,83	58,02
201607	2122492	147 030	4	29,68	38,86	39,68
201607	2122492	147 116	3	13,08	17,72	18,09
201607	2122492	147 116	4	17,44	23,62	24,12
201607	2122492	147 121	3	7,50	10,91	12,00
201607	2122492	147 361	13	50,31	68,76	70,20
201607	2122492	147 712	3	6,18	9,00	9,90
201607	2122492	147 735	3	11,10	13,64	15,00
201607	2122492	148 836	8	228,72	288,38	304,24
201607	2122492	148 836	18	514,62	648,85	684,54
201607	2122492	148 896	5	66,25	54,17	65,00
201607	2122492	149 995	5	28,55	40,16	41,00
201607	2122492	149 995	3	17,13	24,09	24,60
201607	2122492	151 179	4	19,96	26,80	27,36
201607	2122492	151 179	6	29,94	40,20	41,04
201607	2122492	153 485	4	12,08	17,83	18,20
201607	2122492	153 486	4	23,16	32,60	33,28
201607	2122492	153 486	6	34,74	48,89	49,92
201607	2122492	153 517	9	54,45	76,43	78,03
201607	2122492	153 517	5	30,25	42,46	43,35
201607	2122492	153 522	3	34,05	46,45	47,43
201607	2122492	154 751	3	21,00	31,50	32,16
201607	2122492	155 110	3	12,90	17,48	17,85
201607	2122492	156 403	14	231,56	293,99	300,16
201607	2122492	156 762	3	3,30	3,73	4,47
201607	2122492	156 771	3	32,70	42,08	42,96
201607	2122492	157 123	3	18,00	24,75	29,70
201607	2122492	157 337	3	2 592,21	2 528,11	2 581,20
201607	2122492	159 458	3	7,62	10,87	11,10
201607	2122492	159 458	5	12,70	18,12	18,50
201607	2122492	160 135	3	8,22	8,58	10,30
201607	2122492	160 548	3	6,75	8,50	10,20
201607	2122492	160 552	4	34,56	47,00	56,40
201607	2122492	162 474	8	16,16	24,13	24,64
201607	2122492	162 477	36	60,84	96,96	99,00
201607	2122492	162 477	4	6,76	10,77	11,00
201607	2122492	163 234	4	19,12	19,67	23,60
201607	2122492	163 634	13	20,28	33,23	33,93
201607	2122492	163 634	5	7,80	12,78	13,05
201607	2122492	163 634	3	4,68	7,67	7,83
201607	2122492	165 486	5	13,95	19,93	23,92
201607	2122492	168 235	13	243,62	270,94	325,13
201607	2122492	168 435	11	115,06	127,45	140,20
201607	2122492	168 436	14	34,86	49,64	54,60
201607	2122492	168 446	6	15,54	22,10	22,56
201607	2122492	168 446	3	7,77	11,05	11,28
201607	2122492	168 449	22	53,24	75,49	77,08
201607	2122492	168 449	10	24,20	34,77	35,50
201607	2122492	168 450	6	161,28	216,73	221,28
201607	2122492	173 106	7	12,32	19,33	19,74
201607	2122492	173 389	6	37,20	19,50	23,40
201607	2122492	177 354	4	13,20	18,45	18,84
201607	2122492	179 753	4	107,84	134,03	136,84
201607	2122492	179 754	4	215,64	250,42	255,68
201607	2122492	179 755	4	1 078,20	1 171,44	1 196,04
201607	2122492	180 015	9	21,60	31,03	31,68
201607	2122492	180 015	3	7,20	10,34	10,56
201607	2122492	180 065	3	10,32	14,60	14,91
201607	2122492	180 628	12	93,60	102,55	112,80
201607	2122492	180 928	9	45,72	61,26	62,55
201607	2122492	180 928	6	30,48	40,84	41,70
201607	2122492	180 929	3	16,26	21,68	22,14
201607	2122492	180 936	5	27,10	36,14	36,90
201607	2122492	180 936	3	16,26	21,68	22,14
201607	2122492	180 953	5	10,10	15,08	15,40
201607	2122492	180 990	6	11,76	16,22	16,56
201607	2122492	180 991	6	23,70	34,20	34,92
201607	2122492	181 143	7	209,09	250,16	255,41
201607	2122492	181 925	5	10,60	16,26	16,60
201607	2122492	181 925	4	8,48	11,01	11,24
201607	2122492	182 115	180	2 041,20	2 621,55	2 676,60
201607	2122492	182 210	11	12,10	23,06	23,54
201607	2122492	183 350	18	52,20	75,79	77,38
201607	2122492	183 356	14	90,16	118,88	121,38
201607	2122492	183 368	9	292,32	355,33	362,79
201607	2122492	183 635	7	16,10	15,91	17,50
201607	2122492	184 337	13	33,80	46,09	50,70
201607	2122492	184 422	6	202,74	216,28	228,18
201607	2122492	184 944	4	17,48	23,66	24,16
201607	2122492	184 944	8	34,96	47,33	48,32
201607	2122492	184 945	3	37,11	49,69	50,73
201607	2122492	184 945	3	37,11	49,69	50,73
201607	2122492	185 037	3	14,70	19,75	20,16
201607	2122492	186 333	4	20,08	29,81	30,44
201607	2122492	186 400	3	4,77	7,76	7,92
201607	2122492	186 501	6	25,20	34,26	34,98
201607	2122492	186 502	10	43,00	58,28	59,50
201607	2122492	186 502	3	12,90	17,48	17,85
201607	2122492	187 781	22	128,27	181,43	185,24
201607	2122492	187 781	25	145,88	206,17	210,50
201607	2122492	187 782	15	67,95	97,26	99,30
201607	2122492	187 782	6	27,18	38,90	39,72
201607	2122492	187 791	3	10,80	14,87	15,18
201607	2122492	187 805	3	17,61	24,74	25,26
201607	2122492	189 592	5	27,10	36,14	36,90
201607	2122492	191 252	3	7,47	10,78	11,01
201607	2122492	191 354	3	13,41	17,73	19,50
201607	2122492	193 702	3	36,72	47,01	48,00
201607	2122492	196 157	12	65,52	99,75	105,24
201607	2122492	196 158	3	23,40	24,94	26,31
201607	2122492	196 158	4	31,20	33,25	35,08
201607	2122492	196 159	6	46,80	49,88	52,62
201607	2122492	196 160	5	27,30	41,56	43,85
201607	2122492	196 952	35	79,10	117,74	120,21
201607	2122492	196 952	16	36,16	53,75	54,88
201607	2122492	196 952	3	6,78	10,08	10,29
201607	2122492	198 502	6	10,50	9,93	11,91
201607	2122492	199 595	3	18,39	24,75	29,70
201607	2122492	200 776	5	54,55	74,53	76,10
201607	2122492	200 782	5	33,40	48,68	49,70
201607	2122492	200 935	4	51,76	69,03	70,48
201607	2122492	201 827	19	7,22	12,67	15,20
201607	2122492	201 827	5	1,90	2,46	2,95
201607	2122492	201 828	14	7,84	4,78	5,74
201607	2122492	202 970	3	8,58	12,08	12,33
201607	2122492	203 011	70	203,00	294,20	300,38
201607	2122492	203 011	9	26,10	37,82	38,61
201607	2122492	203 049	3	6,93	9,99	10,20
201607	2122492	204 067	3	16,26	21,68	22,14
201607	2122492	204 068	3	48,21	62,85	64,17
201607	2122492	204 069	10	54,20	72,28	73,80
201607	2122492	205 071	5	161,40	161,96	194,35
201607	2122492	205 197	4	7,88	9,82	10,80
201607	2122492	205 217	14	84,28	110,48	112,80
201607	2122492	205 254	4	25,00	33,03	33,72
201607	2122492	205 295	3	5,16	8,17	8,34
201607	2122492	205 297	20	121,00	169,83	173,40
201607	2122492	205 297	29	175,45	245,26	250,41
201607	2122492	205 325	13	36,79	54,62	55,77
201607	2122492	205 326	29	156,60	221,26	225,91
201607	2122492	205 326	31	167,40	236,52	241,49
201607	2122492	205 620	8	12,64	21,09	23,20
201607	2122492	205 749	6	165,24	198,31	209,22
201607	2122492	206 901	4	5,56	4,07	4,88
201607	2122492	206 902	10	5,00	6,67	8,00
201607	2122492	206 904	4	85,36	107,78	110,04
201607	2122492	210 275	15	67,50	55,45	58,50
201607	2122492	213 008	3	38,82	51,77	52,86
201607	2122492	213 173	3	36,48	46,75	47,73
201607	2122492	213 173	16	194,56	249,32	254,56
201607	2122492	213 174	7	255,36	320,04	326,76
201607	2122492	213 175	5	91,20	115,57	118,00
201607	2122492	213 177	6	142,08	179,12	182,88
201607	2122492	213 572	4	26,24	37,50	45,00
201607	2122492	213 647	6	27,36	36,96	37,74
201607	2122492	213 648	4	18,24	24,64	25,16
201607	2122492	213 650	5	12,15	17,43	17,80
201607	2122492	213 653	4	21,68	28,91	29,52
201607	2122492	213 654	3	48,21	62,85	64,17
201607	2122492	213 655	3	16,26	21,68	22,14
201607	2122492	214 179	14	447,44	490,62	500,92
201607	2122492	214 180	7	202,14	263,06	268,58
201607	2122492	214 929	4	40,96	54,18	57,16
201607	2122492	215 009	7	26,67	37,55	41,30
201607	2122492	215 422	4	47,60	54,18	57,16
201607	2122492	215 485	3	47,16	60,00	61,26
201607	2122492	215 487	28	106,12	156,87	160,16
201607	2122492	215 487	3	11,37	16,81	17,16
201607	2122492	216 018	7	21,35	28,64	31,50
201607	2122492	216 116	15	64,50	53,18	58,50
201607	2122492	216 870	5	39,00	41,56	43,85
201607	2122492	218 513	4	28,48	37,30	38,08
201607	2122492	218 534	3	123,96	156,20	159,48
201607	2122492	218 539	5	104,50	124,83	127,45
201607	2122492	218 567	12	51,36	73,22	74,76
201607	2122492	218 567	8	34,24	48,81	49,84
201607	2122492	218 952	7	219,24	273,35	279,09
201607	2122492	219 819	4	88,28	111,46	113,80
201607	2122492	219 819	3	66,21	83,59	85,35
201607	2122492	219 935	6	7,98	14,18	15,60
201607	2122492	222 787	8	36,48	49,29	50,32
201607	2122492	222 797	8	12,32	20,29	20,72
201607	2122492	222 798	4	14,44	20,57	21,00
201607	2122492	222 837	3	38,82	51,77	52,86
201607	2122492	222 837	3	38,82	51,77	52,86
201607	2122492	222 931	7	20,93	30,92	31,57
201607	2122492	222 948	4	19,20	28,87	29,48
201607	2122492	222 948	4	19,20	28,87	29,48
201607	2122492	222 953	3	14,40	21,66	22,11
201607	2122492	223 023	3	25,65	22,25	26,70
201607	2122492	223 028	5	42,75	37,08	44,50
201607	2122492	223 650	7	80,08	91,90	96,95
201607	2122492	223 994	3	50,49	40,64	44,70
201607	2122492	225 620	3	3,00	35,73	36,48
201607	2122492	226 003	4	115,20	142,02	145,00
201607	2122492	226 003	5	144,00	177,52	181,25
201607	2122492	226 056	3	21,15	30,79	31,44
201607	2122492	226 160	5	165,70	180,24	190,15
201607	2122492	226 242	3	485,19	536,94	548,22
201607	2122492	226 360	6	24,66	32,18	35,40
201607	2122492	226 608	3	0,00	20,25	24,30
201607	2122492	227 412	5	424,85	480,75	490,85
201607	2122492	227 412	4	339,88	384,60	392,68
201607	2122492	227 443	6	114,79	158,13	166,83
201607	2122492	227 443	29	0,00	89,19	94,10
201607	2122492	227 444	194	598,35	2 306,07	2 767,29
201607	2122492	227 444	8	14,00	45,67	54,80
201607	2122492	227 444	4	2,00	37,98	45,58
201607	2122492	227 444	54	54,80	297,56	357,07
201607	2122492	227 445	8	55,52	66,50	70,16
201607	2122492	227 445	4	23,32	28,54	30,11
201607	2122492	227 446	8	59,87	70,00	84,00
201607	2122492	227 449	17	0,00	124,49	127,10
201607	2122492	227 467	3	0,00	24,15	24,66
201607	2122492	227 484	4	0,00	12,80	12,80
201607	2122492	228 641	24	81,84	113,07	115,44
201607	2122492	228 849	3	44,70	62,19	63,50
201607	2122492	229 658	4	65,84	59,67	71,60
201607	2122492	229 662	7	98,14	125,19	127,82
201607	2122492	230 010	7	328,58	385,58	393,68
201607	2122492	230 035	3	98,58	119,65	122,16
201607	2122492	230 456	108	153,89	261,74	267,24
201607	2122492	230 456	10	14,30	24,29	24,80
201607	2122492	230 699	3	20,67	24,94	26,31
201607	2122492	230 700	4	19,28	33,25	35,08
201607	2122492	230 700	3	14,46	24,94	26,31
201607	2122492	230 706	5	9,00	13,01	13,28
201607	2122492	230 729	4	5,84	9,83	10,04
201607	2122492	230 730	5	12,80	18,22	18,60
201607	2122492	230 731	21	37,17	57,21	58,41
201607	2122492	230 731	10	17,70	27,72	28,30
201607	2122492	230 732	7	7,21	14,19	14,49
201607	2122492	230 732	11	11,33	22,30	22,77
201607	2122492	230 733	16	34,08	49,99	51,04
201607	2122492	230 733	6	12,78	18,75	19,14
201607	2122492	230 733	13	27,69	40,62	41,47
201607	2122492	230 733	12	25,56	37,49	38,28
201607	2122492	230 734	3	8,58	12,08	12,33
201607	2122492	230 764	13	89,57	108,07	114,01
201607	2122492	231 858	3	9,99	12,00	12,66
201607	2122492	231 859	8	38,56	66,50	70,16
201607	2122492	231 861	3	21,87	24,94	26,31
201607	2122492	231 863	3	20,67	24,94	26,31
201607	2122492	231 996	3	13,50	21,45	21,90
201607	2122492	232 140	7	31,78	48,81	49,84
201607	2122492	232 140	39	177,06	271,97	277,68
201607	2122492	232 141	6	77,46	116,94	119,40
201607	2122492	232 141	3	38,73	58,47	59,70
201607	2122492	232 161	4	13,32	16,00	16,88
201607	2122492	232 165	17	18,02	34,97	35,70
201607	2122492	232 165	28	29,68	57,59	58,80
201607	2122492	233 492	3	7,53	11,19	11,43
201607	2122492	233 492	3	7,53	11,19	11,43
201607	2122492	233 516	7	8,47	13,50	13,78
201607	2122492	233 516	3	3,63	6,64	6,78
201607	2122492	233 559	7	12,60	19,61	20,02
201607	2122492	235 068	3	54,00	61,53	73,83
201607	2122492	235 583	6	22,56	32,73	36,00
201607	2122492	235 605	5	12,15	17,43	17,80
201607	2122492	235 637	3	43,38	55,27	56,43
201607	2122492	236 150	3	81,60	101,34	103,47
201607	2122492	236 150	5	136,00	168,90	172,45
201607	2122492	236 399	4	57,72	37,73	39,80
201607	2122492	236 487	3	10,23	14,13	14,43
201607	2122492	236 770	3	33,60	43,16	44,07
201607	2122492	236 772	3	8,79	12,34	12,60
201607	2122492	236 791	6	15,18	21,68	22,14
201607	2122492	237 414	5	40,35	52,55	53,65
201607	2122492	237 431	13	23,27	36,29	37,05
201607	2122492	237 431	18	32,22	50,24	51,30
201607	2122492	237 435	13	66,56	94,48	96,46
201607	2122492	237 435	12	61,44	87,21	89,04
201607	2122492	237 436	4	28,92	40,20	41,04
201607	2122492	237 437	4	37,32	51,28	52,36
201607	2122492	237 466	15	519,45	540,71	570,45
201607	2122492	237 466	19	657,97	684,90	722,57
201607	2122492	237 471	4	12,20	17,04	17,40
201607	2122492	237 575	7	19,39	27,36	27,93
201607	2122492	237 575	4	11,08	15,63	15,96
201607	2122492	237 640	6	211,44	254,69	260,04
201607	2122492	237 641	6	26,52	35,91	36,66
201607	2122492	237 697	4	44,24	50,00	60,00
201607	2122492	238 548	4	38,64	36,00	39,60
201607	2122492	238 748	5	20,25	22,58	23,05
201607	2122492	239 050	8	126,96	161,41	164,80
201607	2122492	239 059	11	38,17	55,70	56,87
201607	2122492	242 524	3	20,01	31,36	34,50
201607	2122492	242 608	5	36,60	41,56	43,85
201607	2122492	242 645	6	33,90	51,42	52,50
201607	2122492	242 658	4	31,56	47,05	48,04
201607	2122492	242 658	4	31,56	47,05	48,04
201607	2122492	242 704	3	8,49	12,61	12,87
201607	2122492	242 705	15	81,00	114,45	116,85
201607	2122492	242 705	11	59,40	83,93	85,69
201607	2122492	242 707	15	90,75	128,33	131,03
201607	2122492	242 707	12	72,60	101,90	104,04
201607	2122492	242 972	6	204,06	216,28	228,18
201607	2122492	242 972	11	374,11	396,52	418,33
201607	2122492	243 279	3	148,86	177,38	181,11
201607	2122492	243 792	3	9,54	13,75	14,04
201607	2122492	244 451	41	96,76	142,15	145,14
201607	2122492	244 451	24	56,64	83,21	84,96
201607	2122492	244 832	4	29,28	33,25	35,08
201607	2122492	244 954	3	50,19	67,93	69,36
201607	2122492	244 954	5	83,65	113,22	115,60
201607	2122492	244 960	25	39,75	64,64	66,00
201607	2122492	245 898	5	15,20	22,77	23,25
201607	2122492	245 898	4	12,16	18,22	18,60
201607	2122492	246 690	32	35,20	65,82	67,20
201607	2122492	246 690	30	33,00	61,70	63,00
201607	2122492	246 690	6	6,60	8,34	8,52
201607	2122492	247 713	6	43,92	49,88	52,62
201607	2122492	247 777	3	99,51	108,14	114,09
201607	2122492	248 221	5	19,90	27,13	27,70
201607	2122492	248 222	4	29,80	38,94	39,76
201607	2122492	248 261	19	35,34	54,52	55,67
201607	2122492	248 261	5	9,30	14,35	14,65
201607	2122492	248 269	3	15,87	21,21	21,66
201607	2122492	248 269	3	15,87	21,21	21,66
201607	2122492	249 473	3	14,40	21,68	22,14
201607	2122492	249 475	4	19,20	28,91	29,52
201607	2122492	249 476	3	43,20	62,85	64,17
201607	2122492	250 780	31	250,48	243,87	292,64
201607	2122492	250 781	58	598,56	581,93	698,32
201607	2122492	252 069	22	26,40	38,00	41,80
201607	2122492	252 232	12	65,64	87,56	89,40
201607	2122492	252 234	14	76,58	102,15	104,30
201607	2122492	252 589	5	15,00	20,42	24,50
201607	2122492	252 766	5	112,00	141,33	144,30
201607	2122492	252 766	4	89,60	113,07	115,44
201607	2122492	252 769	4	313,64	356,24	363,72
201607	2122492	253 608	11	88,55	85,34	102,41
201607	2122492	254 348	44	137,72	216,77	221,32
201607	2122492	254 348	7	21,91	34,49	35,21
201607	2122492	254 395	3	68,40	63,70	67,20
201607	2122492	254 397	3	68,40	63,70	67,20
201607	2122492	254 403	5	114,00	106,16	112,00
201607	2122492	254 707	4	36,44	44,18	53,01
201607	2122492	254 865	9	12,96	21,95	22,41
201607	2122492	254 865	4	5,76	9,76	9,96
201607	2122492	254 879	3	90,90	84,68	89,34
201607	2122492	255 171	14	28,14	46,21	47,18
201607	2122492	255 194	3	7,95	11,55	11,79
201607	2122492	255 763	5	10,00	18,75	22,50
201607	2122492	256 386	11	95,04	119,63	143,55
201607	2122492	256 642	18	65,52	97,14	99,18
201607	2122492	256 642	3	10,92	16,19	16,53
201607	2122492	256 672	4	176,44	196,57	235,88
201607	2122492	256 795	14	2,00	150,17	165,19
201607	2122492	256 795	16	9,00	61,82	68,00
201607	2122492	256 980	3	21,96	24,94	26,31
201607	2122492	257 039	14	15,82	26,73	29,40
201607	2122492	257 116	3	27,00	32,25	38,70
201607	2122492	257 486	7	75,81	109,49	111,79
201607	2122492	257 509	10	51,20	83,13	87,70
201607	2122492	257 509	6	30,72	49,88	52,62
201607	2122492	257 510	6	39,52	49,88	52,62
201607	2122492	257 510	9	63,68	74,82	78,93
201607	2122492	257 670	3	12,00	18,50	22,20
201607	2122492	257 769	5	36,60	41,56	43,85
201607	2122492	257 769	5	36,60	41,56	43,85
201607	2122492	257 770	6	43,92	49,88	52,62
201607	2122492	257 770	4	29,28	33,25	35,08
201607	2122492	257 836	4	56,32	81,06	82,76
201607	2122492	258 022	8	132,00	144,23	152,16
201607	2122492	258 022	8	132,00	144,23	152,16
201607	2122492	258 577	3	11,55	18,28	18,66
201607	2122492	258 577	9	34,65	54,83	55,98
201607	2122492	258 578	3	13,50	21,45	21,90
201607	2122492	258 578	15	67,50	107,25	109,50
201607	2122492	258 579	3	40,32	61,85	63,15
201607	2122492	258 580	12	54,00	85,80	87,60
201607	2122492	258 581	4	53,76	82,47	84,20
201607	2122492	258 581	3	40,32	61,85	63,15
201607	2122492	258 728	3	17,37	17,25	20,70
201607	2122492	259 431	3	9,42	16,09	17,70
201607	2122492	259 460	12	57,60	91,32	93,24
201607	2122492	259 461	4	57,60	87,95	89,80
201607	2122492	259 461	6	86,40	131,93	134,70
201607	2122492	259 509	4	57,60	83,80	85,56
201607	2122492	259 542	5	24,00	38,05	38,85
201607	2122492	259 543	4	57,60	87,95	89,80
201607	2122492	259 544	5	24,00	38,05	38,85
201607	2122492	259 545	5	72,00	109,94	112,25
201607	2122492	260 805	6	78,12	81,27	85,74
201607	2122492	260 805	8	104,16	108,36	114,32
201607	2122492	261 132	3	27,57	39,37	40,20
201607	2122492	261 132	3	27,57	39,37	40,20
201607	2122492	261 209	32	57,28	89,32	91,20
201607	2122492	261 209	9	16,11	25,12	25,65
201607	2122492	262 068	9	44,28	63,64	64,98
201607	2122492	262 068	8	39,36	56,57	57,76
201607	2122492	263 501	5	59,60	72,42	76,40
201607	2122492	263 501	6	71,52	86,90	91,68
201607	2122492	263 502	7	83,44	101,38	106,96
201607	2122492	263 502	12	143,04	173,80	183,36
201607	2122492	263 503	6	71,52	86,90	91,68
201607	2122492	263 503	7	83,44	101,38	106,96
201607	2122492	264 347	4	28,08	40,00	48,00
201607	2122492	266 530	6	14,22	20,45	20,88
201607	2122492	268 603	6	50,34	96,11	101,40
201607	2122492	269 405	3	15,18	14,98	17,97
201607	2122492	269 650	4	19,20	28,91	29,52
201607	2122492	269 653	3	43,20	62,85	64,17
201607	2122492	269 666	3	46,83	59,56	60,81
201607	2122492	270 602	7	10,92	17,89	18,27
201607	2122492	271 090	16	55,04	76,23	77,83
201607	2122492	271 093	7	418,18	481,32	491,43
201607	2122492	271 096	6	358,44	413,42	422,10
201607	2122492	271 096	6	358,44	413,42	422,10
201607	2122492	271 260	5	30,25	42,46	43,35
201607	2122492	271 504	18	54,00	118,50	142,20
201607	2122492	271 694	3	36,21	39,75	47,70
201607	2122492	272 299	3	25,50	28,15	29,70
201607	2122492	273 172	4	28,04	52,51	55,40
201607	2122492	273 427	3	250,29	188,02	225,63
201607	2122492	275 437	3	7,50	10,91	12,00
201607	2122492	275 988	3	5,97	12,27	13,50
201607	2122492	276 252	3	18,63	25,27	25,80
201607	2122492	276 252	6	37,26	50,54	51,60
201607	2122492	276 778	72	181,06	272,22	277,94
201607	2122492	276 778	11	27,61	40,48	41,33
201607	2122492	276 957	3	15,03	21,55	23,70
201607	2122492	277 861	8	80,00	120,04	122,56
201607	2122492	277 861	4	40,00	60,02	61,28
201607	2122492	279 274	9	23,76	32,92	33,61
201607	2122492	279 321	3	7,98	11,31	11,55
201607	2122492	279 589	10	26,30	39,37	40,20
201607	2122492	279 589	25	65,75	98,43	100,50
201607	2122492	279 590	11	77,99	108,60	110,88
201607	2122492	279 591	29	45,53	74,42	75,98
201607	2122492	279 592	13	50,96	72,96	74,49
201607	2122492	279 593	25	63,25	94,76	96,75
201607	2122492	279 594	6	40,68	56,53	57,72
201607	2122492	279 791	3	8,34	9,75	11,70
201607	2122492	279 805	3	9,60	9,75	11,70
201607	2122492	279 911	3	10,23	14,13	14,43
201607	2122492	281 745	9	102,78	120,18	144,22
201607	2122492	281 909	30	57,90	87,86	89,71
201607	2122492	281 909	10	19,30	29,29	29,90
201607	2122492	283 135	7	69,02	51,92	62,30
201607	2122492	283 463	78	136,83	230,60	235,44
201607	2122492	283 463	41	71,75	121,27	123,82
201607	2122492	283 590	38	59,28	97,14	99,18
201607	2122492	283 590	41	63,96	104,81	107,01
201607	2122492	284 637	11	76,23	91,44	96,47
201607	2122492	285 485	5	62,05	84,38	86,15
201607	2122492	285 485	26	322,66	438,77	447,98
201607	2122492	285 998	5	21,80	14,33	17,20
201607	2122492	286 000	3	13,08	8,83	10,60
201607	2122492	286 278	4	23,88	33,00	39,60
201607	2122492	287 333	4	19,20	28,91	29,52
201607	2122492	287 421	3	50,19	70,75	72,24
201607	2122492	290 526	3	17,40	23,75	28,50
201607	2122492	290 526	4	23,20	31,67	38,00
201607	2122492	290 776	8	92,08	72,00	79,20
201607	2122492	290 776	10	115,10	90,00	99,00
201607	2122492	290 780	4	9,60	13,79	14,08
201607	2122492	290 940	15	54,00	73,50	75,04
201607	2122492	290 940	9	32,40	44,60	45,54
201607	2122492	291 719	5	61,95	67,73	71,45
201607	2122492	291 719	6	74,34	81,27	85,74
201607	2122492	292 028	3	46,14	46,09	50,70
201607	2122492	292 133	8	24,00	32,67	39,20
201607	2122492	292 216	19	0,00	93,42	112,10
201607	2122492	296 743	3	5,10	8,11	8,28
201607	2122492	300 689	3	15,06	16,09	17,70
201607	2122492	300 716	3	30,96	39,38	41,55
201607	2122492	301 111	3	13,68	12,25	14,70
201607	2122492	301 521	3	6,00	12,25	14,70
201607	2122492	302 334	4	12,84	15,00	18,00
201607	2122492	302 499	3	6,96	14,50	17,40
201607	2122492	303 033	4	27,72	33,25	35,08
201607	2122492	303 035	3	20,79	24,94	26,31
201607	2122492	303 051	6	16,74	27,27	30,00
201607	2122492	303 845	12	425,64	512,44	523,20
201607	2122492	304 114	3	2 008,68	2 148,25	2 193,36
201607	2122492	304 853	3	35,91	44,75	53,70
201607	2122492	305 091	7	64,05	82,96	84,70
201607	2122492	306 269	3	182,43	210,18	214,59
201607	2122492	306 288	6	7,38	13,40	13,68
201607	2122492	306 288	18	22,14	40,20	41,04
201607	2122492	306 313	20	31,20	50,66	51,72
201607	2122492	306 313	3	4,68	7,67	7,83
201607	2122492	307 521	13	54,89	82,07	83,79
201607	2122492	307 923	13	34,45	50,04	51,09
201607	2122492	307 923	8	21,20	30,79	31,44
201607	2122492	307 950	3	53,79	56,59	59,70
201607	2122492	308 213	5	159,75	194,52	198,60
201607	2122492	308 662	6	26,28	39,20	40,02
201607	2122492	308 665	5	25,40	39,08	39,90
201607	2122492	308 666	10	50,80	74,61	76,18
201607	2122492	308 666	4	20,32	30,24	30,88
201607	2122492	311 984	5	0,00	14,58	17,50
201607	2122492	312 104	4	16,00	16,33	19,60
201607	2122492	312 130	14	60,62	87,21	89,04
201607	2122492	317 286	9	72,27	101,64	103,77
201607	2122492	317 413	3	16,26	21,68	22,14
201607	2122492	317 415	4	21,68	28,91	29,52
201607	2122492	317 415	5	27,10	36,14	36,90
201607	2122492	317 416	3	48,21	62,85	64,17
201607	2122492	317 461	3	53,07	45,21	47,70
201607	2122492	319 314	3	12,18	14,50	17,40
201607	2122492	321 667	3	18,18	13,93	14,70
201607	2122492	321 870	3	5,04	8,05	8,22
201607	2122492	321 870	6	10,08	16,10	16,44
201607	2122492	321 950	7	42,35	59,44	60,69
201607	2122492	321 950	10	60,50	84,92	86,70
201607	2122492	321 954	6	32,40	45,78	46,74
201607	2122492	322 833	3	51,96	59,43	62,70
201607	2122492	323 158	10	63,30	67,68	71,40
201607	2122492	323 295	4	17,72	22,98	23,46
201607	2122492	323 339	7	20,58	32,70	33,39
201607	2122492	323 348	22	58,52	82,96	84,70
201607	2122492	323 348	10	26,60	37,71	38,50
201607	2122492	323 361	3	4,53	7,52	7,68
201607	2122492	324 942	5	42,10	23,22	27,86
201607	2122492	325 148	3	32,82	39,38	41,55
201607	2122492	325 150	8	87,52	105,02	110,80
201607	2122492	325 150	16	175,04	210,05	221,60
201607	2122492	325 152	8	87,52	105,02	110,80
201607	2122492	325 153	7	76,58	91,90	96,95
201607	2122492	325 153	14	153,16	183,79	193,90
201607	2122492	325 154	4	43,76	52,51	55,40
201607	2122492	325 187	4	20,24	31,93	32,60
201607	2122492	346 142	3	28,92	25,88	31,05
201607	2122492	346 161	8	12,00	12,67	15,20
201607	2122492	346 918	7	8,26	15,22	15,54
201607	2122492	347 385	3	4,80	7,93	8,10
201607	2122492	347 385	9	14,40	23,80	24,30
201607	2122492	347 385	5	8,00	13,22	13,50
201607	2122492	347 561	3	29,67	29,75	35,70
201607	2122492	347 669	5	219,25	258,72	264,15
201607	2122492	347 908	219	0,00	109,39	111,69
201607	2122492	347 908	231	0,00	115,39	117,81
201607	2122492	347 908	3	0,00	1,50	1,53
201607	2122492	347 915	3	24,60	15,58	18,70
201607	2122492	348 743	3	15,18	14,98	17,97
201607	2122492	348 881	3	18,00	9,75	11,70
201607	2122492	348 886	4	27,72	33,25	35,08
201607	2122492	348 886	3	20,79	24,94	26,31
201607	2122492	349 378	5	0,00	51,66	54,50
201607	2122492	349 593	3	7,26	10,43	10,65
201607	2122492	349 626	5	7,50	12,49	12,75
201607	2122492	349 626	22	33,00	54,95	56,10
201607	2122492	349 800	8	42,08	26,00	31,20
201607	2122492	349 863	4	19,84	20,00	22,00
201607	2122492	350 870	5	69,40	66,25	79,50
201607	2122492	351 218	21	21,00	52,50	63,00
201607	2122492	351 847	3	86,40	116,89	119,34
201607	2122492	352 411	3	44,70	38,08	45,70
201607	2122492	353 062	4	39,60	16,63	19,96
201607	2122492	353 081	48	48,00	94,91	96,90
201607	2122492	353 081	22	22,00	43,96	44,88
201607	2122492	355 205	4	26,60	16,33	19,60
201607	2122492	356 229	3	4,50	7,25	8,70
201607	2122492	357 069	5	15,27	24,58	29,50
201607	2122492	357 082	7	42,00	51,92	62,30
201607	2122492	357 229	17	46,75	44,82	49,30
201607	2122492	357 230	9	24,66	23,73	26,10
201607	2122492	358 270	3	9,60	9,75	11,70
201607	2122492	358 273	3	9,60	9,75	11,70
201607	2122492	358 874	3	16,23	16,09	17,70
201607	2122492	359 301	15	15,00	28,44	30,00
201607	2122492	360 787	31	70,06	106,57	108,81
201607	2122492	360 787	27	61,02	92,82	94,77
201607	2122492	360 788	19	80,56	115,75	118,18
201607	2122492	360 788	3	12,72	18,28	18,66
201607	2122492	363 099	5	85,00	90,14	95,10
201607	2122492	363 243	4	29,08	21,67	26,00
201607	2122492	363 550	3	9,60	9,75	11,70
201607	2122492	363 621	3	38,40	49,13	50,16
201607	2122492	363 668	9	15,66	30,41	31,05
201607	2122492	363 823	4	75,28	113,36	119,60
201607	2122492	364 278	6	49,92	76,87	78,48
201607	2122492	364 282	3	100,32	129,55	132,27
201607	2122492	364 292	3	18,00	33,84	35,70
201607	2122492	364 932	3	35,19	53,57	54,69
201607	2122492	366 096	5	58,65	89,28	91,15
201607	2122492	366 123	4	60,68	43,00	51,60
201607	2122492	366 129	4	60,68	43,00	51,60
201607	2122492	366 428	3	28,65	24,27	26,70
201607	2122492	366 699	3	105,72	127,35	130,02
201607	2122492	366 713	3	46,95	53,08	63,70
201607	2122492	366 714	5	81,00	75,42	90,50
201607	2122492	367 230	5	46,20	76,35	77,95
201607	2122492	367 231	3	27,90	46,13	47,10
201607	2122492	367 231	4	37,20	61,51	62,80
201607	2122492	367 234	4	15,16	26,09	26,64
201607	2122492	367 234	5	18,95	32,62	33,30
201607	2122492	367 235	3	62,01	87,59	89,43
201607	2122492	367 486	18	177,84	222,30	266,76
201607	2122492	367 486	3	29,64	37,05	44,46
201607	2122492	367 486	3	29,64	37,05	44,46
201607	2122492	376 381	4	43,80	63,27	64,60
201607	2122492	378 510	4	4,96	8,30	9,96
201607	2122492	378 627	4	4,00	4,97	5,96
201607	2122492	378 780	3	15,00	9,75	11,70
201607	2122492	378 859	3	4,50	6,23	7,47
201607	2122492	380 560	3	30,00	40,91	45,00
201607	2122492	380 564	3	10,20	15,77	16,50
201607	2122492	381 544	11	57,97	35,75	42,90
201607	2122492	381 976	28	182,00	81,67	98,00
201607	2122492	382 837	7	7,00	9,12	10,94
201607	2122492	382 839	3	4,50	7,48	8,97
201607	2122492	384 415	5	5,00	8,29	9,95
201607	2040567	14	5	6,05	11,07	11,30
201607	2040567	35	3	3,63	6,64	6,78
201607	2040567	10 353	3	21,84	34,75	41,70
201607	2040567	18 528	3	29,64	37,05	44,46
201607	2040567	24 856	13	59,02	85,58	102,70
201607	2040567	25 811	6	16,20	30,00	33,00
201607	2040567	27 355	11	33,22	61,41	62,70
201607	2040567	28 675	3	30,57	43,45	45,84
201607	2040567	30 023	3	4,98	7,96	8,13
201607	2040567	30 038	9	26,37	38,34	39,15
201607	2040567	30 041	4	10,48	14,89	15,20
201607	2040567	30 189	6	16,32	23,10	23,58
201607	2040567	30 265	7	32,83	56,64	62,30
201607	2040567	30 266	11	23,87	36,31	37,07
201607	2040567	30 266	6	13,02	19,80	20,22
201607	2040567	30 268	4	10,16	14,50	14,80
201607	2040567	30 277	6	13,02	20,63	21,06
201607	2040567	30 282	6	35,22	46,72	47,70
201607	2040567	30 285	4	10,68	15,16	15,48
201607	2040567	30 291	8	15,92	23,90	24,40
201607	2040567	30 325	5	5,85	10,28	10,50
201607	2040567	30 342	3	5,79	8,79	8,97
201607	2040567	30 344	32	45,44	81,80	83,52
201607	2040567	30 344	10	14,20	25,56	26,10
201607	2040567	30 346	8	11,36	20,45	20,88
201607	2040567	30 346	3	4,26	7,67	7,83
201607	2040567	30 346	3	4,26	7,67	7,83
201607	2040567	30 389	4	13,60	21,64	23,80
201607	2040567	30 430	18	39,78	64,52	65,88
201607	2040567	30 436	8	23,44	32,91	33,60
201607	2040567	30 441	3	8,19	11,58	11,82
201607	2040567	30 454	3	5,28	8,29	8,46
201607	2040567	30 468	4	8,72	12,73	13,00
201607	2040567	30 473	6	8,46	14,46	14,76
201607	2040567	30 562	3	4,41	7,40	7,56
201607	2040567	30 562	3	4,41	7,40	7,56
201607	2040567	30 565	14	24,36	41,00	41,86
201607	2040567	30 565	8	13,92	23,43	23,92
201607	2040567	30 565	3	5,22	8,79	8,97
201607	2040567	30 569	8	13,04	21,23	21,68
201607	2040567	30 569	4	6,36	10,62	10,84
201607	2040567	30 690	4	7,04	11,05	11,28
201607	2040567	30 780	3	9,78	16,53	18,18
201607	2040567	30 795	9	13,59	22,57	23,04
201607	2040567	30 795	3	4,53	7,52	7,68
201607	2040567	30 899	5	9,15	14,15	14,45
201607	2040567	31 029	3	3,63	6,64	6,78
201607	2040567	31 093	4	4,84	8,85	9,04
201607	2040567	31 113	7	8,47	15,49	15,82
201607	2040567	31 116	3	3,63	6,64	6,78
201607	2040567	31 116	11	13,31	24,35	24,86
201607	2040567	31 122	4	4,84	8,85	9,04
201607	2040567	31 126	3	3,63	6,64	6,78
201607	2040567	31 182	3	3,63	6,64	6,78
201607	2040567	31 256	3	3,63	6,64	6,78
201607	2040567	31 326	7	8,47	15,49	15,82
201607	2040567	31 389	4	4,84	8,85	9,04
201607	2040567	31 430	6	7,26	13,28	13,56
201607	2040567	31 449	4	4,84	8,85	9,04
201607	2040567	31 517	12	12,72	24,68	25,20
201607	2040567	31 612	5	6,05	11,07	11,30
201607	2040567	31 695	5	6,05	11,07	11,30
201607	2040567	31 707	3	3,63	6,64	6,78
201607	2040567	31 739	4	4,84	8,85	9,04
201607	2040567	31 922	4	4,24	8,23	8,40
201607	2040567	31 937	5	6,05	11,07	11,30
201607	2040567	31 963	4	4,84	8,85	9,04
201607	2040567	31 984	6	7,26	13,28	13,56
201607	2040567	31 985	4	4,84	8,85	9,04
201607	2040567	33 093	24	22,56	49,36	50,40
201607	2040567	33 093	18	16,92	37,02	37,80
201607	2040567	33 093	9	8,46	18,51	18,90
201607	2040567	33 997	5	6,50	12,14	12,40
201607	2040567	34 395	5	12,25	31,59	34,75
201607	2040567	34 506	4	11,64	16,34	16,68
201607	2040567	34 506	4	11,64	14,34	14,64
201607	2040567	35 128	10	18,30	28,31	28,90
201607	2040567	35 131	12	33,48	60,00	66,00
201607	2040567	36 076	3	9,00	21,00	23,10
201607	2040567	38 669	5	94,10	119,15	121,65
201607	2040567	38 933	8	34,80	47,17	48,16
201607	2040567	38 937	4	12,96	18,02	18,40
201607	2040567	38 942	6	11,22	17,22	17,58
201607	2040567	38 960	3	11,55	15,81	16,14
201607	2040567	38 986	3	11,91	16,25	16,59
201607	2040567	38 988	3	83,52	103,40	105,57
201607	2040567	38 991	3	8,52	11,99	12,24
201607	2040567	38 999	8	105,92	135,32	138,16
201607	2040567	39 021	6	10,32	16,34	16,68
201607	2040567	39 021	10	17,20	27,23	27,80
201607	2040567	39 068	4	9,64	13,83	14,12
201607	2040567	39 168	8	21,04	29,85	30,48
201607	2040567	39 186	5	13,20	18,76	19,15
201607	2040567	39 241	6	15,84	22,51	22,98
201607	2040567	39 355	4	5,16	9,17	9,36
201607	2040567	39 560	18	33,30	51,30	52,38
201607	2040567	39 560	44	81,40	125,41	128,04
201607	2040567	39 579	8	14,80	22,80	23,28
201607	2040567	39 649	8	55,84	73,26	74,80
201607	2040567	39 693	9	18,45	27,41	27,99
201607	2040567	39 707	4	5,04	9,05	9,24
201607	2040567	41 025	4	16,12	21,98	22,44
201607	2040567	41 572	6	4,62	5,69	6,00
201607	2040567	42 128	5	18,30	40,28	42,50
201607	2040567	42 236	17	11,56	28,47	29,07
201607	2040567	42 236	7	4,76	11,72	11,97
201607	2040567	42 237	21	29,61	50,60	51,66
201607	2040567	42 237	11	15,51	26,50	27,06
201607	2040567	42 238	5	12,50	17,87	18,25
201607	2040567	42 809	3	9,83	12,25	14,70
201607	2040567	42 849	24	33,36	57,36	58,56
201607	2040567	42 849	4	5,56	9,56	9,76
201607	2040567	42 989	8	22,16	31,26	31,92
201607	2040567	42 992	5	17,45	24,09	24,60
201607	2040567	43 063	5	6,00	11,02	11,25
201607	2040567	43 243	4	12,24	22,18	24,40
201607	2040567	43 243	3	9,18	16,64	18,30
201607	2040567	43 593	3	4,98	24,27	26,70
201607	2040567	44 295	11	33,66	68,00	74,80
201607	2040567	47 778	3	8,04	11,40	11,64
201607	2040567	49 318	4	40,08	51,71	52,80
201607	2040567	49 401	4	40,08	51,71	52,80
201607	2040567	49 429	3	6,57	9,58	9,78
201607	2040567	49 441	3	6,45	19,50	21,45
201607	2040567	50 001	15	14,10	30,85	31,50
201607	2040567	50 001	12	11,28	24,68	25,20
201607	2040567	50 001	18	16,92	37,02	37,80
201607	2040567	50 584	5	193,25	4,17	5,00
201607	2040567	50 588	4	10,20	14,53	14,84
201607	2040567	50 763	7	27,09	44,55	49,00
201607	2040567	51 095	3	4,44	7,09	7,80
201607	2040567	51 113	3	7,68	10,93	11,16
201607	2040567	51 219	4	20,24	27,11	27,68
201607	2040567	51 960	3	4,92	7,75	9,30
201607	2040567	51 961	6	19,74	26,00	31,20
201607	2040567	53 773	8	25,76	43,27	47,60
201607	2040567	57 293	3	12,36	26,38	31,65
201607	2040567	60 231	3	15,84	16,09	17,70
201607	2040567	60 274	35	31,50	71,99	73,50
201607	2040567	60 274	5	4,50	10,28	10,50
201607	2040567	60 274	26	23,40	53,48	54,60
201607	2040567	60 291	7	8,75	17,89	18,27
201607	2040567	60 291	54	67,50	138,04	140,94
201607	2040567	60 341	25	25,25	56,40	57,58
201607	2040567	60 341	11	11,11	24,89	25,41
201607	2040567	60 376	5	6,30	11,51	11,75
201607	2040567	60 390	33	34,65	67,87	69,30
201607	2040567	60 390	18	18,90	37,02	37,80
201607	2040567	60 390	5	5,25	10,28	10,50
201607	2040567	60 469	7	130,97	165,85	169,33
201607	2040567	60 476	3	10,41	17,34	17,70
201607	2040567	60 485	15	19,41	35,26	36,00
201607	2040567	60 485	17	21,75	39,96	40,80
201607	2040567	60 553	5	25,85	34,62	35,35
201607	2040567	60 553	4	20,68	27,70	28,28
201607	2040567	60 601	3	8,52	14,75	17,70
201607	2040567	60 816	5	14,90	23,75	28,50
201607	2040567	61 783	5	18,95	30,23	33,25
201607	2040567	62 074	3	3,90	16,09	17,70
201607	2040567	62 080	12	30,60	64,36	70,80
201607	2040567	62 305	3	4,86	13,36	14,70
201607	2040567	62 310	3	3,96	9,79	10,77
201607	2040567	62 581	3	5,64	9,55	11,46
201607	2040567	62 695	4	14,56	20,02	20,44
201607	2040567	65 008	3	9,90	17,19	17,55
201607	2040567	65 484	4	7,10	15,28	15,60
201607	2040567	65 645	3	37,95	48,66	49,68
201607	2040567	65 714	6	18,72	32,45	35,70
201607	2040567	66 896	3	16,80	22,36	22,83
201607	2040567	67 631	4	13,24	21,27	23,40
201607	2040567	67 732	4	4,84	8,85	9,04
201607	2040567	68 691	4	12,88	17,90	18,28
201607	2040567	68 691	3	9,66	13,43	13,71
201607	2040567	68 698	3	3,75	6,76	6,90
201607	2040567	68 717	5	7,65	12,63	12,90
201607	2040567	68 717	5	7,65	12,63	12,90
201607	2040567	68 721	9	11,70	20,71	21,15
201607	2040567	68 722	3	6,78	9,81	10,02
201607	2040567	69 077	5	5,75	12,39	12,65
201607	2040567	69 077	3	3,45	7,43	7,59
201607	2040567	69 189	3	5,52	8,52	8,70
201607	2040567	69 189	7	12,88	19,88	20,30
201607	2040567	69 630	4	8,28	16,55	18,20
201607	2040567	70 104	6	20,82	28,74	29,34
201607	2040567	70 210	3	11,55	15,81	16,14
201607	2040567	70 254	5	6,95	11,95	12,20
201607	2040567	70 296	10	25,90	36,83	37,60
201607	2040567	70 337	7	15,54	22,56	23,03
201607	2040567	70 400	8	16,96	24,92	25,44
201607	2040567	70 404	7	17,50	25,02	25,55
201607	2040567	70 428	4	25,28	33,34	34,04
201607	2040567	70 438	5	20,60	28,01	28,60
201607	2040567	71 268	3	6,48	9,49	9,69
201607	2040567	71 268	9	19,44	28,47	29,07
201607	2040567	71 284	3	17,04	22,62	23,10
201607	2040567	71 286	3	9,84	13,66	13,95
201607	2040567	71 291	3	17,85	23,65	24,15
201607	2040567	71 297	10	9,00	20,57	21,00
201607	2040567	71 297	9	8,68	18,51	18,90
201607	2040567	71 299	5	10,90	15,92	16,25
201607	2040567	71 305	6	5,76	12,34	12,60
201607	2040567	71 305	3	2,88	6,17	6,30
201607	2040567	71 316	4	16,96	23,04	23,52
201607	2040567	71 397	24	22,40	49,36	50,40
201607	2040567	71 397	3	2,70	6,17	6,30
201607	2040567	71 397	7	6,30	14,40	14,70
201607	2040567	71 407	6	40,80	53,59	54,72
201607	2040567	71 530	4	9,48	26,50	31,80
201607	2040567	71 648	4	124,16	151,69	154,88
201607	2040567	71 649	6	246,30	292,36	298,50
201607	2040567	71 649	7	287,35	341,09	348,25
201607	2040567	71 662	7	16,31	40,45	41,30
201607	2040567	71 948	5	38,65	50,49	51,55
201607	2040567	72 152	3	6,26	10,25	10,47
201607	2040567	72 673	7	3,99	10,56	12,67
201607	2040567	72 673	14	7,98	21,12	25,34
201607	2040567	72 674	5	4,45	9,71	11,65
201607	2040567	72 674	4	3,56	7,77	9,32
201607	2040567	72 675	10	11,50	30,58	36,70
201607	2040567	72 675	4	4,60	12,23	14,68
201607	2040567	72 676	3	7,86	23,28	27,93
201607	2040567	72 841	3	5,17	9,00	10,80
201607	2040567	73 199	4	5,68	9,68	9,88
201607	2040567	73 473	3	68,94	86,94	88,77
201607	2040567	73 939	3	5,49	8,49	8,67
201607	2040567	73 983	3	20,04	26,36	26,91
201607	2040567	74 523	3	2,25	6,20	6,33
201607	2040567	75 010	9	28,35	48,27	53,10
201607	2040567	75 278	3	8,19	9,00	10,80
201607	2040567	75 745	5	8,45	14,54	14,85
201607	2040567	76 385	8	17,20	26,80	27,36
201607	2040567	77 156	3	15,51	21,51	21,96
201607	2040567	78 074	3	1,59	5,52	5,64
201607	2040567	78 091	10	11,70	24,98	25,50
201607	2040567	78 091	3	3,51	7,49	7,65
201607	2040567	78 222	4	4,96	10,73	10,96
201607	2040567	78 579	7	39,16	39,38	47,25
201607	2040567	78 579	3	21,69	16,88	20,25
201607	2040567	78 758	7	78,26	100,58	102,69
201607	2040567	78 910	3	9,48	13,19	13,47
201607	2040567	80 166	12	21,48	64,36	70,80
201607	2040567	80 166	6	10,74	32,18	35,40
201607	2040567	80 897	4	9,40	13,56	13,84
201607	2040567	80 930	3	7,05	10,17	10,38
201607	2040567	81 365	3	14,94	20,07	20,49
201607	2040567	81 373	3	8,10	11,46	11,70
201607	2040567	81 376	3	5,46	14,18	15,60
201607	2040567	82 903	4	2,32	7,76	7,92
201607	2040567	83 096	4	8,44	12,42	12,68
201607	2040567	84 108	13	19,89	32,85	33,54
201607	2040567	84 167	3	8,70	12,22	12,48
201607	2040567	84 203	4	9,12	13,20	13,48
201607	2040567	84 420	5	17,95	24,68	25,20
201607	2040567	84 440	3	17,40	20,89	21,33
201607	2040567	84 473	4	11,96	16,77	17,12
201607	2040567	84 473	3	8,97	12,58	12,84
201607	2040567	84 548	8	46,48	61,74	63,04
201607	2040567	84 572	8	29,52	50,18	55,20
201607	2040567	84 603	4	12,00	25,09	27,60
201607	2040567	84 635	8	22,08	54,55	60,00
201607	2040567	84 672	4	7,24	11,75	12,00
201607	2040567	84 878	5	16,55	33,16	36,48
201607	2040567	84 990	4	13,12	18,22	18,60
201607	2040567	85 027	3	9,84	13,66	13,95
201607	2040567	85 035	3	31,08	40,05	40,89
201607	2040567	85 075	4	14,36	19,75	20,16
201607	2040567	85 083	4	30,40	39,69	40,52
201607	2040567	85 110	5	19,79	35,91	39,50
201607	2040567	85 415	5	3,80	12,78	13,05
201607	2040567	85 415	4	3,04	10,23	10,44
201607	2040567	85 476	3	24,21	31,53	32,19
201607	2040567	85 589	21	74,97	103,25	105,42
201607	2040567	85 589	3	10,71	14,75	15,06
201607	2040567	85 661	5	30,10	39,81	40,65
201607	2040567	85 815	5	74,85	95,30	97,30
201607	2040567	85 828	5	5,65	15,96	16,30
201607	2040567	85 879	6	13,26	21,55	23,70
201607	2040567	85 924	4	5,44	15,28	15,60
201607	2040567	85 925	3	8,76	16,23	17,85
201607	2040567	87 578	4	4,84	8,85	9,04
201607	2040567	89 383	3	3,63	6,64	6,78
201607	2040567	90 520	6	7,26	13,28	13,56
201607	2040567	93 703	4	4,84	8,85	9,04
201607	2040567	99 628	3	3,63	6,64	6,78
201607	2040567	100 806	3	3,63	6,64	6,78
201607	2040567	101 838	8	16,40	40,74	41,60
201607	2040567	101 957	3	89,49	109,83	112,14
201607	2040567	102 004	3	4,20	14,75	17,70
201607	2040567	102 644	10	16,80	43,29	44,20
201607	2040567	102 939	3	12,66	21,00	23,10
201607	2040567	102 954	7	287,35	341,09	348,25
201607	2040567	102 982	6	203,16	245,76	250,92
201607	2040567	103 714	3	10,35	16,64	18,30
201607	2040567	103 874	7	14,21	21,94	22,40
201607	2040567	103 874	3	6,09	9,40	9,60
201607	2040567	103 887	34	53,04	86,91	88,74
201607	2040567	103 888	6	8,82	14,81	15,12
201607	2040567	104 149	5	12,95	18,41	18,80
201607	2040567	104 150	6	7,20	13,22	13,50
201607	2040567	104 150	4	4,80	8,81	9,00
201607	2040567	104 202	7	17,36	24,82	27,30
201607	2040567	104 209	8	112,16	143,08	146,08
201607	2040567	104 364	5	26,65	41,25	49,50
201607	2040567	104 839	3	9,15	12,78	13,05
201607	2040567	105 034	8	64,56	84,07	85,84
201607	2040567	105 036	3	21,60	28,30	28,89
201607	2040567	105 134	5	5,65	10,63	10,85
201607	2040567	105 148	3	26,88	34,85	35,58
201607	2040567	105 297	4	29,32	50,55	55,60
201607	2040567	105 358	12	31,68	45,01	45,96
201607	2040567	105 548	4	17,24	21,45	23,60
201607	2040567	106 852	10	112,05	164,74	168,20
201607	2040567	106 983	3	9,67	14,66	14,97
201607	2040567	107 204	4	8,92	22,55	24,80
201607	2040567	107 270	6	32,58	52,30	53,40
201607	2040567	107 359	4	10,32	18,84	19,24
201607	2040567	107 717	8	259,84	315,85	322,48
201607	2040567	107 788	25	21,25	68,07	69,50
201607	2040567	107 788	8	6,80	21,78	22,24
201607	2040567	108 386	5	6,15	11,17	11,40
201607	2040567	108 386	6	7,38	13,40	13,68
201607	2040567	108 388	198	152,46	407,25	415,80
201607	2040567	108 388	72	55,44	148,09	151,20
201607	2040567	108 388	97	74,69	199,51	203,70
201607	2040567	108 482	3	16,38	21,83	22,29
201607	2040567	108 555	3	13,59	18,36	18,75
201607	2040567	108 713	3	33,68	32,23	32,91
201607	2040567	109 237	3	99,51	120,65	123,18
201607	2040567	109 237	3	99,51	120,65	123,18
201607	2040567	109 258	12	7,56	28,21	28,80
201607	2040567	109 631	4	7,84	15,55	15,88
201607	2040567	109 785	4	2,96	8,23	8,40
201607	2040567	109 785	8	5,92	16,45	16,80
201607	2040567	109 785	6	4,44	12,34	12,60
201607	2040567	109 996	6	18,12	25,33	25,86
201607	2040567	109 997	3	10,23	12,66	12,93
201607	2040567	110 033	11	13,42	24,46	24,97
201607	2040567	110 091	5	5,05	11,12	11,35
201607	2040567	110 092	11	17,05	31,56	32,22
201607	2040567	110 285	3	15,87	23,07	23,55
201607	2040567	110 288	10	37,00	91,77	93,70
201607	2040567	110 339	3	12,00	19,09	21,00
201607	2040567	110 399	3	3,06	8,99	9,18
201607	2040567	110 399	9	9,18	26,97	27,54
201607	2040567	110 610	5	9,50	25,02	25,55
201607	2040567	110 610	5	9,50	25,02	25,55
201607	2040567	110 631	3	2,94	8,81	9,00
201607	2040567	110 635	3	9,33	14,46	14,76
201607	2040567	110 703	4	5,92	16,49	16,84
201607	2040567	111 019	4	20,88	27,89	28,48
201607	2040567	111 538	6	12,18	26,73	29,40
201607	2040567	111 681	4	3,04	10,26	10,48
201607	2040567	111 681	10	7,60	25,66	26,20
201607	2040567	111 810	4	19,96	26,80	27,36
201607	2040567	111 810	3	14,97	20,10	20,52
201607	2040567	111 916	3	12,54	17,04	17,40
201607	2040567	111 916	4	16,72	22,72	23,20
201607	2040567	112 048	4	33,12	43,10	44,00
201607	2040567	112 134	4	75,76	95,91	97,92
201607	2040567	112 150	3	6,00	8,99	9,18
201607	2040567	112 214	3	8,04	21,42	21,87
201607	2040567	112 218	35	32,90	71,99	73,50
201607	2040567	112 218	12	11,28	24,68	25,20
201607	2040567	112 218	5	4,70	10,28	10,50
201607	2040567	112 363	4	7,80	21,45	23,60
201607	2040567	112 364	4	35,95	50,46	51,52
201607	2040567	112 365	3	29,16	41,08	41,94
201607	2040567	112 386	11	17,49	32,21	32,89
201607	2040567	112 963	7	24,50	54,09	59,50
201607	2040567	113 859	6	18,78	30,00	33,00
201607	2040567	113 888	7	126,98	160,91	164,29
201607	2040567	114 695	8	5,76	19,98	20,40
201607	2040567	114 695	4	2,88	9,99	10,20
201607	2040567	114 696	14	6,86	29,62	30,24
201607	2040567	114 696	6	2,94	12,69	12,96
201607	2040567	115 269	6	24,60	33,50	34,20
201607	2040567	115 378	12	36,16	75,27	82,80
201607	2040567	115 526	3	4,80	13,60	13,89
201607	2040567	115 680	10	8,00	13,33	16,00
201607	2040567	116 042	16	34,17	87,91	96,70
201607	2040567	116 265	20	48,00	106,67	128,00
201607	2040567	116 533	5	13,85	35,36	36,10
201607	2040567	116 645	4	24,88	32,87	33,56
201607	2040567	116 825	3	16,14	22,37	26,85
201607	2040567	116 848	21	14,91	52,04	53,13
201607	2040567	116 848	7	4,97	17,35	17,71
201607	2040567	116 848	4	2,84	9,91	10,12
201607	2040567	116 870	3	1,65	6,67	6,81
201607	2040567	116 894	3	30,33	39,14	39,96
201607	2040567	117 247	42	31,08	86,39	88,20
201607	2040567	117 247	33	24,42	67,87	69,30
201607	2040567	117 247	8	5,92	16,45	16,80
201607	2040567	117 287	6	4,44	12,34	12,60
201607	2040567	117 287	10	7,40	20,57	21,00
201607	2040567	117 295	4	9,04	13,09	13,36
201607	2040567	117 295	6	13,56	19,63	20,04
201607	2040567	118 454	14	14,28	41,96	42,84
201607	2040567	118 454	3	3,06	8,99	9,18
201607	2040567	118 466	4	44,38	76,00	91,20
201607	2040567	118 467	6	81,57	114,00	136,80
201607	2040567	118 920	36	36,36	110,71	113,04
201607	2040567	119 097	6	199,86	242,17	247,26
201607	2040567	120 233	6	22,68	31,09	31,74
201607	2040567	120 234	7	25,06	37,55	41,30
201607	2040567	120 601	3	39,57	32,45	35,70
201607	2040567	120 827	4	11,44	27,23	27,80
201607	2040567	121 365	3	9,47	15,00	16,50
201607	2040567	122 325	4	52,20	66,72	68,12
201607	2040567	122 845	5	7,00	19,69	20,10
201607	2040567	122 845	12	16,80	47,25	48,24
201607	2040567	124 630	7	33,95	78,36	80,01
201607	2040567	124 770	6	10,62	18,69	19,08
201607	2040567	124 779	3	4,02	8,02	8,19
201607	2040567	124 998	4	12,40	17,32	17,68
201607	2040567	125 043	3	12,29	17,25	20,70
201607	2040567	125 294	5	17,80	26,82	29,50
201607	2040567	125 348	5	5,95	17,14	17,50
201607	2040567	126 305	6	62,34	84,50	101,40
201607	2040567	126 362	5	16,20	27,08	32,50
201607	2040567	126 495	4	3,20	8,38	8,56
201607	2040567	126 601	3	27,60	37,25	44,70
201607	2040567	126 680	5	37,90	50,98	52,05
201607	2040567	126 684	11	21,23	47,67	57,20
201607	2040567	127 070	3	14,33	15,55	17,10
201607	2040567	127 072	7	11,20	24,50	26,95
201607	2040567	127 690	5	11,30	29,33	29,95
201607	2040567	127 690	3	6,78	17,60	17,97
201607	2040567	127 874	35	22,75	83,64	85,40
201607	2040567	128 109	3	124,11	147,21	150,30
201607	2040567	128 111	4	26,80	37,54	39,60
201607	2040567	128 246	10	5,50	6,67	8,00
201607	2040567	128 248	5	4,60	5,38	6,45
201607	2040567	128 312	5	3,67	11,33	13,60
201607	2040567	128 312	8	5,94	18,13	21,76
201607	2040567	128 358	7	15,68	22,69	23,17
201607	2040567	128 411	5	14,70	34,55	38,00
201607	2040567	128 411	3	8,82	20,73	22,80
201607	2040567	129 038	3	341,67	382,13	390,15
201607	2040567	129 042	5	9,20	25,37	25,90
201607	2040567	129 392	3	15,39	17,84	19,62
201607	2040567	129 625	12	53,04	71,81	73,32
201607	2040567	129 880	5	4,90	11,51	11,75
201607	2040567	130 272	3	9,51	16,10	16,44
201607	2040567	130 956	3	7,89	19,57	19,98
201607	2040567	132 048	10	8,20	26,54	27,10
201607	2040567	132 434	3	86,40	106,51	108,75
201607	2040567	132 579	4	21,20	51,71	52,80
201607	2040567	132 579	3	15,90	38,79	39,60
201607	2040567	132 585	3	6,96	18,54	18,93
201607	2040567	132 586	3	8,10	21,68	22,14
201607	2040567	132 590	5	161,30	196,18	200,30
201607	2040567	132 590	5	161,30	196,18	200,30
201607	2040567	132 756	12	23,76	39,37	40,20
201607	2040567	132 769	4	13,44	21,45	23,60
201607	2040567	134 565	8	20,16	57,20	58,40
201607	2040567	134 565	9	22,68	64,35	65,70
201607	2040567	134 622	3	1,50	6,41	6,54
201607	2040567	134 622	11	5,50	23,49	23,98
201607	2040567	135 506	4	15,64	29,45	32,40
201607	2040567	136 135	3	48,00	61,03	62,31
201607	2040567	136 281	3	8,06	10,08	12,10
201607	2040567	139 047	5	14,95	22,18	22,65
201607	2040567	139 708	3	20,62	33,55	35,40
201607	2040567	142 083	5	96,25	121,79	124,35
201607	2040567	143 098	6	14,94	21,39	21,84
201607	2040567	143 100	4	9,44	21,45	23,60
201607	2040567	143 106	13	140,03	248,08	297,70
201607	2040567	143 113	4	35,12	54,67	65,60
201607	2040567	143 129	3	19,32	25,48	26,01
201607	2040567	144 240	7	316,61	372,69	380,52
201607	2040567	146 860	3	50,64	64,26	65,61
201607	2040567	146 893	9	19,80	51,48	52,56
201607	2040567	146 893	9	19,80	51,48	52,56
201607	2040567	146 894	3	6,60	17,16	17,52
201607	2040567	147 041	3	11,97	29,62	30,24
201607	2040567	147 121	5	4,95	28,18	31,00
201607	2040567	147 303	12	195,36	205,88	217,20
201607	2040567	147 649	3	4,98	8,43	8,61
201607	2040567	148 225	4	4,80	10,11	10,32
201607	2040567	148 225	4	4,80	10,11	10,32
201607	2040567	148 423	3	8,07	14,75	17,70
201607	2040567	148 836	6	214,26	216,28	228,18
201607	2040567	152 025	4	127,80	155,61	158,88
201607	2040567	153 459	6	26,34	35,67	36,42
201607	2040567	153 702	3	21,00	22,75	24,00
201607	2040567	156 768	4	25,96	34,20	34,92
201607	2040567	156 789	7	16,73	42,71	43,61
201607	2040567	156 795	3	8,97	12,25	14,70
201607	2040567	157 299	4	25,40	50,55	55,60
201607	2040567	158 221	3	24,93	35,32	36,06
201607	2040567	158 460	7	17,71	36,91	40,60
201607	2040567	159 455	3	2,82	8,58	8,76
201607	2040567	159 548	3	27,21	41,25	49,50
201607	2040567	166 793	4	48,69	76,33	91,60
201607	2040567	168 435	19	176,70	273,19	300,51
201607	2040567	168 625	7	17,15	24,82	27,30
201607	2040567	170 089	9	66,69	115,36	126,90
201607	2040567	170 089	7	51,87	89,73	98,70
201607	2040567	173 340	3	11,27	22,62	23,10
201607	2040567	173 388	4	14,00	35,67	42,80
201607	2040567	173 389	29	66,07	113,58	136,30
201607	2040567	180 628	16	107,88	202,18	222,40
201607	2040567	181 099	3	15,66	18,80	19,83
201607	2040567	181 099	9	46,98	56,39	59,49
201607	2040567	181 925	4	4,36	13,01	13,28
201607	2040567	182 160	5	15,25	36,14	36,90
201607	2040567	182 591	3	6,60	13,91	15,30
201607	2040567	183 356	5	32,20	42,46	43,35
201607	2040567	183 356	3	19,32	25,48	26,01
201607	2040567	183 367	3	97,44	118,44	120,93
201607	2040567	183 960	3	6,75	10,64	11,70
201607	2040567	184 316	4	10,00	20,85	22,00
201607	2040567	184 337	10	20,80	31,82	35,00
201607	2040567	184 419	4	40,89	54,92	65,91
201607	2040567	184 906	3	6,63	16,28	16,62
201607	2040567	184 914	11	35,31	88,34	90,20
201607	2040567	185 000	3	7,53	13,83	15,21
201607	2040567	185 107	3	8,61	13,36	14,70
201607	2040567	186 059	7	18,90	53,27	54,39
201607	2040567	186 059	8	21,60	60,88	62,16
201607	2040567	186 312	4	5,12	13,95	14,24
201607	2040567	186 313	3	7,68	18,48	18,87
201607	2040567	186 335	10	45,90	74,53	76,10
201607	2040567	186 405	10	12,30	25,56	26,10
201607	2040567	186 502	4	17,20	23,31	23,80
201607	2040567	187 777	4	128,00	155,85	159,12
201607	2040567	187 819	8	10,64	29,85	30,48
201607	2040567	187 820	3	6,93	17,92	18,30
201607	2040567	188 535	4	16,23	28,73	31,60
201607	2040567	189 604	9	16,65	44,60	45,54
201607	2040567	200 782	6	41,28	58,41	59,64
201607	2040567	201 887	16	40,64	67,23	68,64
201607	2040567	202 488	7	6,30	31,18	34,30
201607	2040567	202 969	7	8,61	18,10	18,48
201607	2040567	204 063	3	6,39	10,77	11,85
201607	2040567	204 063	3	6,39	10,77	11,85
201607	2040567	204 069	4	21,25	28,91	29,52
201607	2040567	205 217	5	30,10	39,81	40,65
201607	2040567	207 473	3	6,63	12,25	14,70
201607	2040567	210 275	6	13,50	27,87	29,40
201607	2040567	212 062	28	30,80	68,01	69,44
201607	2040567	212 990	3	4,77	12,40	12,66
201607	2040567	213 173	5	60,80	77,91	79,55
201607	2040567	213 173	10	121,60	155,83	159,10
201607	2040567	213 174	4	145,92	182,88	186,72
201607	2040567	213 175	3	54,72	69,34	70,80
201607	2040567	213 177	5	118,40	149,27	152,40
201607	2040567	213 663	5	21,20	52,30	53,40
201607	2040567	213 679	6	11,40	30,38	31,02
201607	2040567	214 180	5	134,40	173,60	177,25
201607	2040567	215 480	10	9,00	28,01	28,60
201607	2040567	216 018	7	19,60	24,82	27,30
201607	2040567	216 021	3	10,00	19,73	21,70
201607	2040567	216 116	9	25,92	40,09	44,10
201607	2040567	217 138	6	72,72	101,90	104,04
201607	2040567	217 193	3	9,15	21,68	22,14
201607	2040567	217 193	3	9,15	21,68	22,14
201607	2040567	218 533	3	43,50	55,42	56,58
201607	2040567	218 537	3	59,22	74,90	76,47
201607	2040567	219 215	3	26,64	35,91	36,66
201607	2040567	219 851	4	18,48	29,67	35,60
201607	2040567	222 433	10	13,21	27,91	28,50
201607	2040567	222 822	4	16,44	25,50	26,04
201607	2040567	222 845	6	8,04	22,74	23,22
201607	2040567	222 845	5	6,70	18,95	19,35
201607	2040567	222 919	3	49,05	65,49	66,87
201607	2040567	223 028	6	31,32	50,33	60,40
201607	2040567	223 114	20	7 441,00	8 022,53	8 191,00
201607	2040567	223 242	6	15,24	41,84	42,72
201607	2040567	223 251	10	20,90	56,02	57,20
201607	2040567	223 533	4	8,88	21,09	23,20
201607	2040567	223 648	4	43,76	52,51	55,40
201607	2040567	223 826	15	40,50	108,28	110,55
201607	2040567	223 826	5	13,50	36,09	36,85
201607	2040567	225 537	20	28,60	80,31	82,00
201607	2040567	225 537	14	20,02	56,22	57,40
201607	2040567	226 003	3	86,40	106,51	108,75
201607	2040567	226 352	3	81,12	100,81	102,93
201607	2040567	226 360	4	21,40	21,45	23,60
201607	2040567	226 501	3	13,28	19,75	23,70
201607	2040567	227 443	7	50,03	72,11	76,08
201607	2040567	227 443	4	22,40	35,26	37,20
201607	2040567	227 444	12	76,32	172,93	207,52
201607	2040567	227 444	14	79,25	114,33	137,20
201607	2040567	227 446	6	11,09	24,67	29,60
201607	2040567	227 467	6	79,57	106,11	108,34
201607	2040567	228 641	5	17,05	23,56	24,05
201607	2040567	229 657	4	50,61	76,00	91,20
201607	2040567	229 658	7	78,22	133,00	159,60
201607	2040567	230 010	4	187,76	220,33	224,96
201607	2040567	230 127	4	27,44	43,33	52,00
201607	2040567	230 221	5	11,05	20,42	24,50
201607	2040567	230 729	3	4,38	7,38	7,53
201607	2040567	230 731	29	51,33	80,38	82,07
201607	2040567	230 731	6	10,62	16,63	16,98
201607	2040567	230 732	10	10,30	20,27	20,70
201607	2040567	230 732	8	8,24	16,22	16,56
201607	2040567	230 733	9	19,17	28,12	28,71
201607	2040567	231 010	16	37,92	96,53	98,56
201607	2040567	231 011	24	71,52	177,71	181,44
201607	2040567	231 012	4	9,48	24,13	24,64
201607	2040567	231 013	3	8,94	22,21	22,68
201607	2040567	231 014	5	11,00	27,91	28,50
201607	2040567	231 015	8	9,52	27,27	27,84
201607	2040567	233 516	5	6,05	11,07	11,30
201607	2040567	233 639	3	91,20	109,97	112,28
201607	2040567	235 068	3	49,23	64,78	77,73
201607	2040567	235 583	4	13,36	21,45	23,60
201607	2040567	237 572	5	14,40	36,34	37,10
201607	2040567	237 572	4	11,52	29,07	29,68
201607	2040567	238 548	6	66,12	64,91	71,40
201607	2040567	238 748	4	16,20	22,06	22,52
201607	2040567	239 011	4	15,36	22,43	26,91
201607	2040567	239 017	3	9,21	17,25	20,70
201607	2040567	239 087	5	31,10	44,71	45,65
201607	2040567	240 875	3	9,83	17,25	20,70
201607	2040567	241 337	4	17,76	47,05	48,04
201607	2040567	241 383	5	2,30	10,28	10,50
201607	2040567	241 384	8	5,76	19,98	20,40
201607	2040567	243 061	3	4,50	9,72	10,69
201607	2040567	243 122	3	10,17	19,75	23,70
201607	2040567	243 265	7	22,19	55,05	56,21
201607	2040567	243 792	3	8,50	13,75	14,04
201607	2040567	244 451	3	6,03	10,40	10,62
201607	2040567	244 451	6	12,06	20,80	21,24
201607	2040567	245 203	3	14,19	16,09	17,70
201607	2040567	245 691	3	8,10	21,68	22,14
201607	2040567	245 691	4	10,80	28,91	29,52
201607	2040567	245 693	3	8,10	21,68	22,14
201607	2040567	245 693	3	8,10	21,68	22,14
201607	2040567	245 881	5	13,50	36,14	36,90
201607	2040567	245 881	4	10,80	28,91	29,52
201607	2040567	246 054	3	13,41	22,25	26,70
201607	2040567	246 056	3	30,84	37,02	39,06
201607	2040567	246 690	29	23,78	59,65	60,90
201607	2040567	246 690	40	32,80	82,27	84,00
201607	2040567	246 690	14	11,48	28,80	29,40
201607	2040567	248 244	6	18,96	19,50	23,40
201607	2040567	250 780	3	16,54	23,60	28,32
201607	2040567	250 781	5	44,60	50,17	60,20
201607	2040567	252 011	3	20,52	26,94	27,51
201607	2040567	252 069	9	8,01	13,50	14,85
201607	2040567	252 234	8	43,76	58,37	59,60
201607	2040567	252 525	8	12,47	26,41	26,96
201607	2040567	253 854	3	22,65	32,25	38,70
201607	2040567	254 340	3	11,11	17,25	20,70
201607	2040567	254 865	17	24,48	41,46	42,33
201607	2040567	255 307	5	4,25	14,30	14,60
201607	2040567	255 308	15	25,50	73,90	75,45
201607	2040567	255 308	4	6,80	19,71	20,12
201607	2040567	255 828	4	35,80	44,73	53,68
201607	2040567	256 523	3	25,83	42,25	50,70
201607	2040567	256 627	9	40,05	58,88	60,12
201607	2040567	256 631	3	5,10	13,84	14,13
201607	2040567	256 632	25	85,00	212,29	216,75
201607	2040567	256 632	17	57,80	144,36	147,39
201607	2040567	256 633	5	4,25	13,61	13,90
201607	2040567	256 642	3	6,00	16,19	16,53
201607	2040567	256 795	8	120,02	176,09	193,70
201607	2040567	257 923	4	33,28	36,00	39,60
201607	2040567	258 022	4	64,68	72,11	76,08
201607	2040567	260 803	3	3,75	7,25	8,70
201607	2040567	260 805	3	33,48	40,64	42,87
201607	2040567	261 059	9	22,68	64,35	65,70
201607	2040567	261 059	15	37,80	107,25	109,50
201607	2040567	261 060	3	24,30	65,96	67,35
201607	2040567	261 061	3	7,56	21,45	21,90
201607	2040567	261 061	7	17,64	50,05	51,10
201607	2040567	261 063	4	10,08	28,60	29,20
201607	2040567	261 063	5	12,60	35,75	36,50
201607	2040567	261 065	3	7,56	21,45	21,90
201607	2040567	261 085	4	3,52	11,05	11,28
201607	2040567	261 139	4	31,68	82,94	84,68
201607	2040567	261 209	8	14,32	22,33	22,80
201607	2040567	261 209	3	5,37	8,37	8,55
201607	2040567	262 085	5	13,50	36,14	36,90
201607	2040567	262 087	3	8,10	21,68	22,14
201607	2040567	262 089	5	11,60	32,96	33,65
201607	2040567	262 110	4	9,16	15,40	15,72
201607	2040567	263 712	6	9,12	14,95	17,94
201607	2040567	264 339	3	6,30	16,09	17,70
201607	2040567	266 530	5	11,85	17,04	17,40
201607	2040567	269 658	4	10,24	24,64	25,16
201607	2040567	269 658	12	30,72	73,93	75,48
201607	2040567	269 661	3	7,64	18,48	18,87
201607	2040567	269 661	3	7,68	18,48	18,87
201607	2040567	270 601	4	16,00	21,82	22,28
201607	2040567	271 090	7	23,59	32,98	33,67
201607	2040567	271 096	4	238,96	275,61	281,40
201607	2040567	271 096	3	179,22	206,71	211,05
201607	2040567	271 257	3	9,12	22,89	23,37
201607	2040567	271 266	3	8,10	21,68	22,14
201607	2040567	273 451	4	33,43	60,28	63,60
201607	2040567	273 452	4	20,47	37,54	39,60
201607	2040567	275 653	3	8,71	12,25	14,70
201607	2040567	276 794	3	16,86	45,01	45,96
201607	2040567	276 825	5	9,45	16,60	16,95
201607	2040567	279 274	10	26,40	37,51	38,30
201607	2040567	279 274	3	7,92	11,25	11,49
201607	2040567	281 747	6	28,74	43,51	45,90
201607	2040567	282 173	3	23,85	39,53	41,70
201607	2040567	283 135	3	19,50	30,88	37,05
201607	2040567	283 441	3	10,20	25,48	26,01
201607	2040567	283 443	8	24,32	61,04	62,32
201607	2040567	283 443	8	24,32	61,04	62,32
201607	2040567	283 462	3	17,46	25,27	25,80
201607	2040567	283 575	4	6,60	5,85	7,02
201607	2040567	284 084	29	25,23	85,78	87,58
201607	2040567	284 084	33	28,71	97,61	99,66
201607	2040567	284 873	4	65,72	83,49	85,24
201607	2040567	285 200	3	24,18	32,25	38,70
201607	2040567	285 926	3	21,66	34,25	41,10
201607	2040567	287 341	3	45,24	59,94	61,20
201607	2040567	287 341	4	60,32	79,92	81,60
201607	2040567	287 424	22	29,26	82,96	84,70
201607	2040567	287 979	3	8,10	20,92	21,36
201607	2040567	292 028	4	43,68	61,45	67,60
201607	2040567	292 028	3	32,76	46,09	50,70
201607	2040567	292 216	5	28,21	22,92	27,50
201607	2040567	296 743	3	5,10	8,11	8,28
201607	2040567	301 091	5	64,35	45,02	47,50
201607	2040567	301 111	5	9,15	24,58	29,50
201607	2040567	302 577	5	13,50	35,76	36,51
201607	2040567	303 646	17	57,80	144,36	147,39
201607	2040567	303 646	13	44,20	110,39	112,71
201607	2040567	303 648	3	2,28	7,70	7,86
201607	2040567	303 649	19	57,76	144,97	148,01
201607	2040567	303 649	11	33,44	83,93	85,69
201607	2040567	303 650	3	4,56	12,61	12,87
201607	2040567	303 656	3	20,94	50,63	51,69
201607	2040567	303 656	7	48,86	118,13	120,61
201607	2040567	304 730	3	30,75	46,77	56,12
201607	2040567	305 001	4	22,76	32,71	33,40
201607	2040567	305 091	10	91,50	118,51	121,00
201607	2040567	306 269	4	243,24	280,24	286,12
201607	2040567	306 270	6	19,80	49,48	50,52
201607	2040567	306 270	6	19,80	49,48	50,52
201607	2040567	306 271	4	10,16	25,94	26,48
201607	2040567	306 641	3	15,39	25,63	30,75
201607	2040567	307 815	4	3,24	18,55	20,40
201607	2040567	307 923	3	5,85	11,55	11,79
201607	2040567	307 942	6	8,40	14,50	17,40
201607	2040567	307 942	25	35,00	60,42	72,50
201607	2040567	308 648	39	65,13	131,02	133,77
201607	2040567	308 648	21	35,07	70,55	72,03
201607	2040567	308 648	3	5,01	10,08	10,29
201607	2040567	309 588	8	31,04	16,33	19,60
201607	2040567	309 711	5	25,55	40,42	48,50
201607	2040567	309 724	5	7,75	11,46	13,75
201607	2040567	310 745	5	23,18	41,25	49,50
201607	2040567	311 947	4	49,76	66,33	79,60
201607	2040567	312 104	4	13,23	19,67	23,60
201607	2040567	312 130	15	58,95	93,44	95,40
201607	2040567	317 360	6	14,70	39,20	40,02
201607	2040567	317 362	6	19,68	54,71	55,86
201607	2040567	317 363	4	11,44	31,26	31,92
201607	2040567	317 364	14	40,04	105,86	108,08
201607	2040567	317 364	7	20,02	52,93	54,04
201607	2040567	318 074	3	28,62	24,75	29,70
201607	2040567	318 474	3	14,55	36,52	37,29
201607	2040567	318 475	3	14,55	36,52	37,29
201607	2040567	321 870	3	5,04	8,05	8,22
201607	2040567	321 870	6	10,08	16,10	16,44
201607	2040567	321 956	4	27,92	67,50	68,92
201607	2040567	321 956	6	41,88	101,25	103,38
201607	2040567	323 348	4	6,40	15,08	15,40
201607	2040567	323 361	12	14,28	30,09	30,72
201607	2040567	324 942	8	44,32	50,00	60,00
201607	2040567	325 178	4	10,68	18,22	18,60
201607	2040567	345 216	3	27,42	28,25	33,90
201607	2040567	346 161	6	4,74	29,50	35,40
201607	2040567	346 918	3	3,54	6,52	6,66
201607	2040567	347 377	7	42,00	57,75	69,30
201607	2040567	347 388	7	11,20	22,75	27,30
201607	2040567	347 639	3	30,42	36,68	38,70
201607	2040567	347 915	3	15,99	24,75	29,70
201607	2040567	353 062	7	22,30	44,08	52,90
201607	2040567	354 829	5	19,55	26,82	29,50
201607	2040567	355 282	3	4,20	7,25	8,70
201607	2040567	356 236	3	2,49	4,88	5,85
201607	2040567	356 647	10	7,20	24,98	25,50
201607	2040567	356 647	3	2,16	7,49	7,65
201607	2040567	359 399	39	23,40	77,92	79,56
201607	2040567	359 399	18	10,80	35,96	36,72
201607	2040567	360 282	3	8,19	12,25	14,70
201607	2040567	360 787	13	29,38	44,69	45,63
201607	2040567	360 787	4	9,04	13,75	14,04
201607	2040567	360 788	3	11,03	18,28	18,66
201607	2040567	361 037	4	5,00	13,00	15,60
201607	2040567	363 232	4	16,80	28,91	31,80
201607	2040567	363 672	11	25,74	68,95	70,40
201607	2040567	363 683	4	24,60	40,38	42,60
201607	2040567	364 002	3	10,11	9,00	10,80
201607	2040567	364 228	3	35,85	45,95	46,92
201607	2040567	366 128	3	23,19	36,75	44,10
201607	2040567	366 428	5	47,75	75,91	83,50
201607	2040567	366 691	13	71,76	103,26	105,43
201607	2040567	367 916	3	7,20	16,09	17,70
201607	2040567	381 544	9	33,21	44,25	53,10
201607	2040567	381 553	3	2,82	3,75	4,50
201607	2040567	382 117	3	20,43	27,25	32,70
201607	2040567	383 298	17	28,39	28,33	34,00
201607	2040567	383 731	4	13,40	21,45	23,60
